O	 D	 AMOEBA	 FlowValue
77	33	4	2456.433074
9	30	3	3731.576318
131	119	2	8797.814208
89	43	1	4601.357685
89	73	1	7981.367342
63	76	0	205.5485255
59	131	0	202.4510069
95	138	0	133.5963347
98	45	0	802.2999265
134	55	0	123.3373181
123	31	0	332.1947626
52	17	0	144.8880779
71	100	0	215.3847643
44	25	0	87.86353538
51	121	0	179.9811838
123	20	0	29.46889023
11	72	0	149.3651979
27	72	0	280.5820852
123	45	0	68.31424553
102	51	0	217.2304476
70	72	0	177.3346601
29	55	0	12.211205
124	123	0	252.2577065
16	20	0	363.3249423
79	91	0	308.0588187
108	131	0	118.8130105
26	45	0	262.3666159
29	91	0	33.37729367
124	114	0	645.7797286
122	72	0	374.5471531
30	49	0	98.3308341
5	72	0	323.5169061
133	131	0	202.5685695
119	62	0	301.6877273
87	17	0	2174.836244
55	72	0	293.245335
95	49	0	23.57582378
1	52	0	58.47679641
115	146	0	279.7345065
63	105	0	44.96373996
29	9	0	4.884482001
53	131	0	43.84979254
54	51	0	96.03564843
134	123	0	281.4620848
128	32	0	65.85706383
94	21	0	381.9863289
59	21	0	236.1928413
48	145	0	288.6667587
124	17	0	797.1343525
58	86	0	151.7220452
50	137	0	366.9924565
135	145	0	145.3231884
84	18	0	177.6877791
25	31	0	531.8005821
80	78	0	85.58454242
72	62	0	167.2421235
93	126	0	88.07365306
27	45	0	245.1688124
150	123	0	146.2491057
146	138	0	708.8607595
148	49	0	132.5223057
135	31	0	394.4486542
25	145	0	564.5828097
29	20	0	5.698562333
4	131	0	7.357602795
52	90	0	1.592176681
28	45	0	235.7670691
147	128	0	608.6969432
53	118	0	230.2114108
146	133	0	75.94936709
137	11	0	106.702329
125	25	0	63.42662333
54	31	0	181.0957942
45	126	0	109.5787382
87	50	0	321.7213378
38	39	0	602.216911
80	51	0	35.24069394
133	55	0	1073.613418
123	100	0	21.43192017
91	31	0	88.47904521
81	101	0	389.3249608
146	100	0	126.5822785
3	72	0	430.0167316
32	131	0	32.14968894
71	34	0	16.94037472
112	32	0	137.8619938
41	100	0	99.91008093
91	20	0	2123.497085
6	31	0	275.6770853
50	125	0	149.2167131
31	45	0	348.0302744
4	96	0	35.56174684
63	43	0	53.52826185
11	49	0	21.33788542
137	62	0	355.6744299
134	72	0	676.7740018
56	57	0	168.9207023
126	108	0	304.4689273
4	72	0	244.0271594
54	72	0	74.08464309
53	77	0	169.9179461
64	145	0	514.8289113
102	130	0	156.1343842
63	138	0	169.1493074
146	62	0	33.75527426
81	72	0	489.7959184
44	45	0	389.1099424
23	72	0	219.0644487
39	72	0	210.24823
29	82	0	12.211205
140	123	0	200.3062748
90	32	0	99.36182609
113	82	0	128.6642506
53	17	0	465.9040457
82	72	0	101.2236818
49	145	0	66.06197935
89	10	0	795.2963899
115	33	0	101.7216387
46	124	0	0.649272231
128	78	0	13.17141277
148	1	0	12.65288346
90	131	0	27.09867984
110	49	0	62.76794065
41	33	0	974.123289
12	51	0	210.441117
126	32	0	304.4689272
146	34	0	16.87763713
140	145	0	38.7689564
46	31	0	159.0716965
44	17	0	213.3828716
138	45	0	186.7712586
146	29	0	219.4092827
3	128	0	516.0200779
140	31	0	187.3832893
82	51	0	1034.73097
83	31	0	288.7391723
62	49	0	140.6271973
126	82	0	1308.088725
146	20	0	405.0632911
8	77	0	10.8937802
82	44	0	179.9532122
135	75	0	41.52091097
11	121	0	59.74607917
72	121	0	59.34397928
122	73	0	148.5273193
123	77	0	91.0856607
51	79	0	179.9811838
139	52	0	919.8691742
72	17	0	107.8981442
71	75	0	145.2032119
135	64	0	72.6615942
93	107	0	264.2209592
83	45	0	1219.12095
6	70	0	74.50732034
123	51	0	24.11091019
96	31	0	237.2876625
8	123	0	65.36268118
11	61	0	72.54881041
80	72	0	65.44700302
79	49	0	328.5960733
39	131	0	36.56490957
64	79	0	358.5415632
63	9	0	17.12904379
11	31	0	209.1112771
72	31	0	237.3759171
123	80	0	64.2957605
150	31	0	334.001336
136	62	0	122.3872973
124	32	0	60.54184955
11	101	0	460.898325
125	31	0	158.5665583
143	31	0	158.1671779
34	49	0	131.0444241
108	72	0	123.5655309
84	33	0	63.69939251
74	91	0	486.7579707
8	16	0	3.268134059
29	123	0	20.35200834
100	48	0	146.4315869
140	49	0	116.3068692
143	100	0	81.48006135
43	43	0	167.1442216
29	116	0	11.39712467
78	110	0	1264.037225
93	72	0	205.5051905
9	73	0	1452.035973
96	49	0	76.76953785
32	21	0	155.3901633
146	101	0	194.092827
75	73	0	231.6691764
29	77	0	14.653446
139	78	0	1073.180703
70	145	0	118.2231067
2	145	0	154.0275009
78	113	0	567.9007822
79	109	0	102.6862729
26	27	0	186.418385
136	55	0	234.1322209
123	143	0	1.33949501
135	33	0	186.8440994
138	29	0	406.8945276
87	82	0	32.17213378
56	51	0	401.1866679
64	51	0	110.320481
84	62	0	77.10979093
70	121	0	334.965469
132	31	0	1276.446224
11	48	0	17.07030833
39	45	0	196.5363889
100	45	0	267.9386483
145	45	0	119.3548705
150	131	0	43.47946386
11	73	0	209.1112771
88	17	0	461.3113544
46	142	0	5.843450077
116	131	0	25.38951751
9	130	0	374.7189608
148	134	0	13.98476593
133	33	0	243.0822833
51	31	0	73.62866609
81	62	0	301.4128728
134	64	0	170.7747481
102	18	0	54.30761189
141	131	0	36.80037469
71	123	0	210.5446573
91	146	0	78.64804019
118	45	0	367.2781998
16	66	0	311.4213791
145	31	0	123.7348657
136	145	0	130.3690776
27	31	0	128.032602
95	123	0	204.3238061
71	112	0	29.04064238
146	73	0	168.7763713
40	17	0	55.59029949
99	123	0	70.071847
11	17	0	72.54881041
8	145	0	10.8937802
146	49	0	953.5864979
8	82	0	10.8937802
64	31	0	147.0939747
32	72	0	158.962351
150	77	0	486.1794595
8	33	0	88.23961957
123	17	0	34.82687027
91	72	0	570.1982915
15	49	0	152.5397875
82	64	0	483.6242577
90	128	0	135.4933992
40	31	0	106.548074
4	45	0	166.77233
80	5	0	60.41261818
81	137	0	100.4709576
30	109	0	294.9925023
126	33	0	22.55325387
131	45	0	327.8688525
81	130	0	50.23547881
138	91	0	406.8945276
141	79	0	190.6928507
63	20	0	21.41130474
102	49	0	135.7690297
71	84	0	154.883426
115	134	0	57.21842179
63	101	0	32.11695711
148	31	0	340.9619122
10	24	0	163.6884463
141	72	0	120.4375899
3	123	0	203.2806367
63	29	0	42.82260948
124	29	0	363.2510973
51	33	0	49.0857774
93	17	0	223.1199211
61	72	0	1139.478304
128	43	0	59.27135745
45	31	0	173.7072044
26	131	0	75.94823092
8	36	0	9.804402177
100	29	0	68.54244491
19	17	0	238.1413071
84	21	0	56.9941933
123	50	0	32.14788025
146	7	0	135.021097
4	121	0	164.3197957
50	52	0	46.37816758
57	94	0	151.765795
80	73	0	45.30946364
128	138	0	405.0209425
22	33	0	1617.679673
131	20	0	655.7377049
23	2	0	14.60429658
49	86	0	178.3673442
87	33	0	96.51640135
135	32	0	311.4068323
46	67	0	23.37380031
19	31	0	195.9704506
147	82	0	193.0014698
97	121	0	637.603796
78	133	0	36.63876014
100	146	0	299.0943051
87	73	0	128.6885351
108	82	0	140.9914391
91	10	0	108.1410553
6	49	0	59.60585628
87	62	0	90.0819746
82	17	0	213.6944394
63	49	0	87.78634943
104	62	0	351.4795439
124	33	0	252.2577065
150	117	0	104.7459811
11	100	0	29.87303958
29	131	0	172.5850307
50	78	0	4.032884137
146	112	0	497.8902954
40	72	0	120.4456489
8	17	0	4.357512078
63	62	0	38.54034853
54	29	0	32.92650803
24	32	0	196.2092375
6	35	0	52.15512424
126	121	0	169.149404
136	45	0	162.2961985
28	75	0	187.5810987
11	5	0	315.8007042
139	72	0	1354.25184
75	32	0	23.16691764
11	146	0	29.87303958
123	137	0	1.33949501
77	141	0	208.5650723
137	131	0	142.2697719
31	145	0	113.2146676
96	51	0	97.70668453
8	31	0	508.7395352
100	80	0	31.15565678
140	32	0	71.07642007
118	72	0	26.87401462
87	123	0	186.598376
93	40	0	205.5051905
11	51	0	136.5624667
140	72	0	32.30746367
2	105	0	146.3897736
147	45	0	311.771605
122	31	0	488.6333549
10	72	0	204.6105579
28	33	0	24.09298516
99	51	0	70.071847
63	82	0	25.69356569
85	33	0	184.1469902
53	72	0	257.6175311
137	37	0	39.12418728
17	82	0	89.74545944
41	84	0	524.5279249
49	101	0	601.1640121
40	43	0	264.0539226
4	49	0	128.7580489
63	91	0	4.282260948
8	131	0	18.51942633
118	34	0	206.0341121
19	78	0	7.441915847
68	123	0	117.6216894
80	121	0	85.58454242
63	64	0	98.49200181
29	80	0	53.72930201
17	76	0	11.21818243
128	73	0	9.878559574
10	101	0	859.3643432
146	46	0	497.8902954
25	45	0	404.3141411
50	31	0	441.6008131
103	121	0	579.1935843
29	41	0	55.35746267
143	33	0	177.338957
136	128	0	167.6173854
108	145	0	316.8346946
146	41	0	92.82700423
129	16	0	18.15771794
36	84	0	229.7496318
84	131	0	93.87278897
17	62	0	302.8909256
83	128	0	1411.613731
143	55	0	76.68711656
36	83	0	648.011782
9	55	0	546.4651511
24	31	0	1451.948358
74	51	0	132.7521738
8	72	0	8.715024156
64	101	0	128.7072278
84	145	0	13.41039842
12	35	0	80.93889114
134	31	0	322.5745242
63	45	0	321.1695711
80	92	0	231.581703
135	96	0	321.78706
22	20	0	1369.809401
47	112	0	480.0672094
6	77	0	111.7609805
120	33	0	300.2452002
123	60	0	36.16636528
135	45	0	1681.596894
53	31	0	920.8456432
143	2	0	335.506135
5	45	0	129.4067625
27	80	0	155.2735812
97	133	0	578.2918149
107	44	0	314.556717
95	72	0	652.2644579
29	31	0	145.7203796
87	32	0	102.9508281
29	15	0	16.28160667
63	11	0	184.1372208
87	145	0	231.6393632
110	114	0	182.0270279
128	49	0	62.56421064
116	51	0	205.9371976
3	86	0	39.09243014
29	96	0	61.87010534
48	21	0	307.0922966
29	17	0	25.23649034
133	83	0	283.5959972
45	2	0	19.30080049
88	113	0	1445.442244
99	83	0	70.071847
29	121	0	49.65890033
68	52	0	627.315677
143	102	0	143.7883436
6	145	0	141.5639087
101	29	0	68.34569251
66	128	0	409.9631033
89	33	0	426.0516375
75	82	0	417.0045175
137	49	0	28.45395439
47	62	0	2440.341648
123	121	0	50.90081039
92	49	0	482.3080633
20	131	0	219.8882451
80	45	0	176.2034697
7	73	0	97.73140965
11	138	0	98.15427291
140	33	0	342.4591149
52	131	0	60.50271387
150	142	0	17.7870534
6	131	0	163.9161048
118	73	0	80.62204386
136	6	0	47.89068154
139	121	0	357.7269011
124	70	0	423.7929469
90	82	0	614.2367431
108	31	0	185.3482964
43	131	0	344.237504
29	93	0	12.211205
103	75	0	423.2568501
19	72	0	215.8155596
101	49	0	358.8148857
74	21	0	575.2594199
6	12	0	417.2409939
40	44	0	46.32524958
7	39	0	280.9778028
44	40	0	188.2790044
137	45	0	56.90790878
32	51	0	182.1815707
57	45	0	212.472113
149	31	0	198.6790401
138	72	0	155.6427155
78	83	0	219.8325609
12	56	0	2395.791178
138	142	0	211.2293996
63	72	0	68.51617517
110	45	0	37.66076439
118	61	0	53.74802924
1	44	0	161.7858034
29	33	0	130.2528533
140	100	0	90.46089828
137	64	0	42.68093159
146	33	0	565.4008439
90	56	0	112.911166
103	100	0	66.83002896
81	17	0	263.7362637
123	33	0	170.1158663
87	31	0	225.2049365
116	64	0	186.1897951
136	30	0	45.23008812
29	51	0	42.33217733
123	73	0	34.82687027
123	38	0	38.8453553
63	31	0	370.415572
124	31	0	635.6894203
34	40	0	546.0184336
128	45	0	95.49274255
80	84	0	231.581703
100	31	0	233.6674258
137	19	0	46.23767588
36	73	0	300.4418262
82	138	0	213.6944394
123	52	0	9.376465073
82	29	0	78.72953032
90	109	0	144.5262925
51	49	0	327.238516
137	101	0	81.80511887
20	121	0	155.2152318
8	101	0	8.715024154
63	10	0	17.12904379
68	45	0	901.7662857
104	72	0	488.3715768
128	131	0	141.5926872
19	142	0	16.124151
25	123	0	309.6099279
136	33	0	13.30296709
63	51	0	21.41130474
48	131	0	162.7589172
55	138	0	159.6145494
118	101	0	71.66403899
87	64	0	173.7295224
3	49	0	164.1882066
138	109	0	280.1568879
146	110	0	177.2151899
149	35	0	8.65532452
28	78	0	25.81391267
100	51	0	62.31131355
128	145	0	431.3637681
55	131	0	189.3102796
148	92	0	10.65505975
133	91	0	344.3665681
38	91	0	56.45783541
124	49	0	70.63215781
144	31	0	227.97515
53	123	0	328.873444
54	123	0	5.487751339
133	51	0	384.880282
26	31	0	193.3227696
46	90	0	18.82889469
112	45	0	110.289595
46	131	0	11.03762792
89	41	0	142.0172125
8	1	0	20.69818237
104	21	0	234.9363267
90	72	0	180.6578656
93	45	0	117.4315374
7	72	0	219.8956717
126	143	0	552.5547198
55	145	0	278.3974699
6	128	0	514.1005104
50	121	0	330.6964993
145	145	0	101.8348895
53	33	0	104.1432573
128	17	0	135.0069808
50	112	0	125.0194083
2	126	0	137.4790917
148	129	0	19.31229581
108	45	0	164.7540413
40	45	0	88.0179742
21	21	0	1096.398752
9	136	0	437.1721209
29	85	0	37.44769534
140	120	0	245.5367239
2	121	0	196.0350012
33	131	0	80.90198357
17	73	0	112.1818243
29	101	0	10.58304433
101	57	0	179.4074428
126	51	0	45.10650774
53	55	0	372.7232366
68	31	0	725.3337515
16	45	0	259.5178159
112	64	0	231.1839588
81	45	0	690.7378336
29	59	0	20.35200834
138	143	0	24.458141
99	101	0	14.0143694
63	75	0	17.12904379
122	49	0	164.3128315
25	46	0	258.6153516
31	101	0	230.622471
25	52	0	80.13433428
99	29	0	163.5009763
1	35	0	11.69535928
72	72	0	253.5606388
143	40	0	584.7392638
30	51	0	159.7876054
70	59	0	384.2250968
126	36	0	56.38313468
143	49	0	28.75766871
137	72	0	345.004197
123	32	0	49.56131538
136	31	0	476.246222
63	17	0	100.6331323
140	132	0	96.92239101
90	145	0	311.6348181
74	128	0	1670.464854
95	95	0	322.202925
33	55	0	139.7397898
123	72	0	346.9292077
80	133	0	20.13753939
6	72	0	2153.261558
123	57	0	14.73444511
146	16	0	50.63291139
55	78	0	55.67949398
48	101	0	230.3192224
82	40	0	269.9298182
124	143	0	50.45154129
66	48	0	299.9730024
87	44	0	147.9918154
53	29	0	361.7607884
129	114	0	254.2080511
26	49	0	182.9661927
22	45	0	391.3741145
19	131	0	54.57404954
107	145	0	1451.800232
123	95	0	25.4504052
141	31	0	531.9326888
59	33	0	26.99346758
84	31	0	120.6935858
3	83	0	187.6436647
8	102	0	18.51942633
8	126	0	21.78756039
136	51	0	340.5559576
17	121	0	44.87272972
97	126	0	874.85172
98	100	0	89.14443627
123	84	0	57.59828545
6	52	0	74.50732034
82	125	0	101.2236818
29	128	0	80.59395301
43	49	0	145.2562878
29	126	0	120.4838893
54	110	0	65.85301607
141	17	0	163.9289418
84	45	0	177.6877791
45	145	0	169.9715656
72	49	0	118.6879586
71	43	0	152.4633725
39	2	0	2.285306848
128	146	0	13.17141277
106	126	0	375.5780381
118	125	0	107.4960585
54	131	0	79.57239442
45	121	0	242.1939158
139	77	0	868.7653312
123	138	0	8.036970062
100	138	0	305.3254364
137	128	0	53.35116446
123	123	0	49.56131539
59	77	0	155.2124386
90	73	0	121.9440593
123	131	0	25.4504052
118	79	0	223.9501218
123	22	0	17.41343513
128	31	0	98.78559574
40	145	0	27.79514975
136	79	0	276.7017156
11	52	0	46.94334791
125	121	0	428.1297074
7	64	0	97.73140965
134	77	0	142.3122901
38	77	0	376.3855694
8	48	0	6.536268118
28	83	0	20.65113013
11	45	0	17.07030833
133	45	0	303.8528542
123	145	0	170.1158663
9	68	0	608.9183113
91	121	0	766.8183918
23	78	0	8.345312334
84	72	0	499.5373413
139	24	0	102.207686
53	45	0	180.8803942
7	33	0	73.29855724
33	17	0	73.54725779
1	72	0	130.5981786
78	78	0	311.4294612
137	83	0	14.2269772
48	45	0	171.9716861
17	72	0	583.3454864
76	32	0	1491.509867
96	99	0	20.93714669
149	72	0	103.8638942
150	78	0	158.1071413
90	45	0	207.7565455
59	128	0	40.49020137
93	31	0	52.84419184
44	33	0	163.1751371
58	133	0	197.2386588
41	75	0	299.7302428
91	119	0	314.5921608
106	79	0	305.1571559
90	133	0	85.81248617
8	37	0	5.446890098
118	128	0	286.6561559
2	72	0	151.4815918
61	32	0	46.19506637
52	31	0	113.0445443
45	72	0	128.2569323
110	75	0	94.15191097
93	145	0	111.5599605
8	44	0	42.48574277
100	101	0	68.54244491
9	51	0	421.5588309
146	31	0	50.6329114
143	131	0	91.06595092
114	49	0	368.0868685
115	133	0	178.0128678
80	143	0	90.61892727
63	131	0	74.93956659
87	25	0	12.86885351
1	131	0	40.93375749
40	98	0	1005.257916
14	33	0	95.08414947
4	31	0	232.9907552
29	49	0	43.960338
69	138	0	262.8183686
36	25	0	270.9867452
17	45	0	280.4545608
143	140	0	71.89417178
123	56	0	5.357980042
135	2	0	41.52091097
72	128	0	53.94907208
8	114	0	96.95464375
29	146	0	4.884482001
11	44	0	59.74607916
93	109	0	135.046268
118	31	0	277.6981511
137	121	0	39.12418728
66	49	0	199.9820016
114	73	0	199.3803871
82	145	0	359.9064243
102	84	0	1025.056174
123	49	0	85.72768066
96	29	0	690.9258406
4	126	0	132.4368503
8	121	0	9.804402177
82	32	0	821.0365305
137	17	0	643.7707181
72	101	0	339.8791541
48	55	0	159.6879942
35	2	0	53.28228383
4	101	0	176.5824671
50	131	0	22.18086275
69	101	0	334.4961055
95	45	0	471.5164756
43	72	0	244.7468959
29	21	0	115.5994073
140	56	0	77.53791281
148	72	0	182.4678983
116	62	0	157.9792201
33	122	0	88.25670935
146	132	0	151.8987342
47	68	0	180.0252035
22	55	0	1187.168147
66	21	0	169.9847014
8	21	0	130.7253624
140	46	0	187.3832893
126	131	0	857.0236472
54	128	0	19.20712969
6	39	0	67.05658831
136	66	0	45.23008812
65	93	0	517.5618133
124	51	0	121.0836991
119	121	0	68.95719482
138	31	0	246.8048774
91	21	0	953.6074873
70	123	0	187.1865856
91	130	0	186.7890954
29	72	0	193.7511194
54	112	0	131.7060321
80	32	0	196.3410091
31	43	0	83.86271673
40	33	0	213.0961481
2	101	0	283.8688653
147	123	0	230.117137
20	45	0	297.4958609
8	49	0	47.93263286
7	43	0	781.8512772
110	31	0	25.10717626
57	145	0	500.8271236
148	131	0	124.5310109
73	49	0	1324.503311
40	128	0	83.38544924
122	45	0	180.815867
126	49	0	33.82988081
70	2	0	532.0039802
146	51	0	953.5864978
20	51	0	38.80380795
8	80	0	9.804402177
64	29	0	248.2210822
149	87	-1	3.147390734
1	64	-1	64.32447605
147	33	-1	37.11566725
148	145	-1	39.95647408
13	131	-1	4.438252589
19	91	-1	6.201596539
13	20	-1	45.71400167
45	78	-1	8.716490542
13	101	-1	45.27017642
149	80	-1	3.147390734
43	120	-1	27.85737026
104	122	-1	36.99784673
150	49	-1	71.14821359
71	33	-1	41.14091004
138	82	-1	48.91628201
104	137	-1	5.549677009
108	126	-1	7.920867367
38	31	-1	18.81927847
23	84	-1	36.51074146
32	68	-1	35.72187661
110	72	-1	87.87511692
46	30	-1	3.246361154
1	82	-1	116.9535928
138	44	-1	2.223467364
13	123	-1	40.38809856
46	33	-1	106.4806458
145	109	-1	15.32998337
26	85	-1	103.5657694
148	29	-1	7.991294816
13	63	-1	2.662951553
1	51	-1	27.28917166
112	31	-1	80.59624252
2	82	-1	67.46659131
144	5	-1	8.91108078
45	33	-1	1.867819402
31	82	-1	121.6009393
46	51	-1	48.04614508
112	22	-1	4.241907501
2	45	-1	89.10681871
122	83	-1	22.96074502
25	101	-1	14.56987896
13	49	-1	46.60165218
25	20	-1	21.85481844
150	101	-1	75.10089212
145	80	-1	13.13998574
55	41	-1	40.83162892
149	21	-1	19.67119209
99	32	-1	46.71456467
122	131	-1	9.327802664
50	49	-1	22.18086275
39	17	-1	45.70613696
145	73	-1	33.94496318
122	101	-1	12.19789579
4	109	-1	55.18202096
144	45	-1	17.0795715
1	31	-1	76.01983534
35	17	-1	58.99109995
100	33	-1	9.346697033
148	73	-1	15.3166484
66	27	-1	29.99730024
122	108	-1	25.11331486
148	56	-1	15.98258963
50	80	-1	4.032884137
35	51	-1	93.2439967
132	33	-1	15.54745706
23	135	-1	2.086328083
46	79	-1	6.492722308
122	4	-1	18.65560533
145	59	-1	16.42498218
2	49	-1	44.55340936
148	80	-1	1.997823704
4	138	-1	51.50321956
52	33	-1	6.368706722
59	49	-1	67.48366895
32	29	-1	5.358281492
149	32	-1	14.95010599
28	73	-1	61.9533904
149	145	-1	72.38998689
138	21	-1	26.68160837
122	126	-1	20.80817517
45	119	-1	11.82952288
100	145	-1	18.69339407
144	131	-1	10.39626091
35	33	-1	74.21460962
149	41	-1	13.76983446
28	64	-1	44.74411529
122	22	-1	10.76284923
52	128	-1	15.92176681
2	3	-1	2.545909106
122	121	-1	16.50303548
46	134	-1	5.843450077
70	120	-1	98.51925559
149	50	-1	18.49092056
23	146	-1	40.68339763
39	50	-1	2.285306848
80	33	-1	25.17192424
122	17	-1	65.29461865
52	62	-1	46.17312374
43	142	-1	9.949060809
46	137	-1	3.246361154
13	64	-1	101.192159
132	5	-1	17.10220276
43	31	-1	51.73511621
32	145	-1	98.23516069
2	98	-1	3.818863659
148	133	-1	33.96300297
48	49	-1	27.6383067
128	121	-1	19.75711915
141	51	-1	36.80037469
35	71	-1	38.05877416
28	62	-1	36.13947773
138	145	-1	111.1733682
13	121	-1	94.9786054
71	120	-1	29.04064238
148	140	-1	3.329706173
80	31	-1	110.7564667
132	100	-1	24.87593129
45	91	-1	11.82952288
4	62	-1	36.78801397
132	11	-1	26.430677
48	80	-1	55.27661339
145	128	-1	18.6149798
104	80	-1	68.44601644
122	42	-1	5.022662973
13	137	-1	17.3091851
145	17	-1	20.80497743
13	26	-1	1.331475777
145	121	-1	21.89997624
148	146	-1	5.327529878
122	53	-1	10.04532595
13	130	-1	11.09563147
45	60	-1	31.75292983
31	121	-1	20.96567918
45	77	-1	14.31994875
13	100	-1	3.106776812
3	146	-1	93.82183234
104	138	-1	29.59827738
138	146	-1	11.11733682
4	43	-1	24.52534265
56	133	-1	84.46035114
136	140	-1	34.58771444
148	7	-1	8.657236051
141	80	-1	43.49135191
108	133	-1	58.61441851
135	82	-1	41.52091097
58	45	-1	121.3776362
26	82	-1	24.1653462
27	64	-1	24.51688123
12	33	-1	145.690004
35	128	-1	19.02938708
148	30	-1	13.98476593
23	101	-1	9.388476375
71	82	-1	19.36042825
1	50	-1	21.44149202
39	101	-1	73.12981914
145	101	-1	29.56496792
45	32	-1	80.93884074
13	55	-1	0.443825259
116	82	-1	73.34749504
114	33	-1	107.35867
46	42	-1	2.597088923
144	72	-1	86.88303761
145	94	-1	15.32998337
13	48	-1	9.320330437
141	123	-1	46.83684052
35	31	-1	41.86465158
23	123	-1	63.63300654
71	64	-1	29.04064238
115	11	-1	108.0792412
138	126	-1	86.71522719
122	91	-1	7.175232818
5	73	-1	55.46004104
148	43	-1	12.65288346
102	77	-1	88.24986932
35	101	-1	47.57346771
50	46	-1	66.54258826
39	16	-1	29.70898903
80	79	-1	95.65331212
145	72	-1	25.18497268
147	83	-1	37.11566727
4	133	-1	9.81013706
27	44	-1	40.86146872
138	121	-1	40.02241255
47	33	-1	120.0168024
55	33	-1	118.7829205
116	49	-1	67.70538004
45	11	-1	9.961703476
31	72	-1	100.6352601
149	29	-1	10.62244373
48	31	-1	89.05676601
122	109	-1	1.435046564
55	62	-1	74.23932531
23	17	-1	33.38124933
31	49	-1	41.93135836
43	50	-1	47.75549188
50	32	-1	26.21374689
112	51	-1	63.62861251
134	100	-1	41.11243936
50	72	-1	60.49326206
149	47	-1	2.753966894
45	142	-1	21.16861989
53	126	-1	43.84979254
27	130	-1	35.41327289
145	51	-1	56.93993822
35	83	-1	53.28228383
13	77	-1	18.64066087
149	40	-1	1.180271525
45	135	-1	4.358245271
112	33	-1	61.50765876
19	80	-1	35.96925993
148	103	-1	20.64417828
46	135	-1	5.194177846
32	44	-1	64.2993779
13	70	-1	1.775301036
149	49	-1	66.88205311
45	128	-1	16.18776815
148	110	-1	9.98911852
4	73	-1	38.01428111
13	56	-1	0.887650518
135	123	-1	62.28136645
1	115	-1	3.898453094
2	99	-1	26.73204561
115	77	-1	31.7880121
122	25	-1	8.610279382
32	31	-1	94.66297302
27	6	-1	51.75786038
136	121	-1	15.96356051
46	145	-1	27.91870592
36	62	-1	88.365243
2	122	-1	11.45659098
122	32	-1	25.83083815
32	49	-1	100.0212545
39	75	-1	6.855920544
116	145	-1	42.31586252
100	75	-1	71.65801059
46	11	-1	44.15051169
145	135	-1	6.569992872
97	49	-1	59.31198102
134	32	-1	9.487486006
27	103	-1	43.58556664
52	101	-1	50.94965378
108	10	-1	60.19859199
128	72	-1	128.4212744
148	123	-1	42.62023902
27	20	-1	70.82654579
138	49	-1	68.92748828
132	108	-1	12.43796565
23	64	-1	10.43164042
45	83	-1	21.79122635
39	64	-1	36.56490957
48	72	-1	92.12768898
144	118	-1	1.48518013
145	120	-1	8.759990495
122	50	-1	55.96681598
13	99	-1	17.3091851
46	21	-1	7.791266769
147	40	-1	103.9238683
13	11	-1	23.52273872
23	86	-1	4.172656167
149	103	-1	5.901357627
45	63	-1	4.980851738
23	11	-1	31.29492125
52	114	-1	50.94965378
148	16	-1	1.997823704
55	116	-1	66.81539278
2	10	-1	11.45659098
80	100	-1	20.13753939
26	32	-1	62.13946167
46	39	-1	16.23180577
26	83	-1	31.06973083
48	123	-1	42.99292152
145	100	-1	53.65494178
112	17	-1	33.93526
108	101	-1	121.9813575
19	121	-1	42.17085647
148	38	-1	13.98476593
23	125	-1	6.25898425
46	49	-1	61.03158969
144	73	-1	4.45554039
145	93	-1	5.47499406
122	81	-1	40.18130378
19	126	-1	13.64351239
148	45	-1	84.5745368
59	23	-1	101.2255034
23	5	-1	16.69062467
39	133	-1	77.70043284
116	83	-1	67.70538004
136	49	-1	61.19364863
28	103	-1	15.4883476
104	48	-1	33.29806205
144	49	-1	58.66461514
149	123	-1	34.22787424
99	138	-1	23.35728233
46	56	-1	16.23180577
144	64	-1	7.42590065
19	135	-1	9.922554462
45	17	-1	5.603458206
134	146	-1	31.62495335
48	138	-1	64.48938228
104	55	-1	53.64687775
32	121	-1	25.00531362
144	40	-1	17.82216156
26	4	-1	51.78288472
148	51	-1	46.61588643
116	50	-1	14.10528751
13	33	-1	8.876505178
2	133	-1	14.00250008
46	74	-1	51.29250623
108	73	-1	17.42590821
141	101	-1	73.60074939
149	37	-1	83.40585446
80	62	-1	90.61892727
100	49	-1	12.46226271
108	49	-1	50.69355115
19	45	-1	102.9465025
148	82	-1	67.92600594
108	64	-1	20.59425515
59	51	-1	74.23203585
45	124	-1	2.490425869
50	73	-1	18.14797862
46	84	-1	28.56797815
108	40	-1	38.02016336
59	72	-1	107.9738703
25	72	-1	76.49186455
149	55	-1	2.753966892
132	17	-1	7.773728529
150	30	-1	79.05357065
52	130	-1	3.184353361
52	49	-1	49.3574771
132	137	-1	17.10220276
50	123	-1	24.19730482
35	40	-1	74.21460962
149	48	-1	6.688205311
1	121	-1	17.54303892
145	44	-1	15.32998337
19	64	-1	4.961277232
150	128	-1	9.881696332
35	64	-1	15.22350967
28	80	-1	99.81379564
150	40	-1	116.6040167
46	105	-1	10.38835569
19	73	-1	9.922554462
141	49	-1	33.45488609
4	95	-1	28.20414405
23	77	-1	47.98554592
31	29	-1	12.57940751
100	77	-1	37.38678814
144	121	-1	65.34792572
71	11	-1	43.56096357
1	75	-1	48.73066367
2	123	-1	3.818863659
122	33	-1	22.24322174
13	142	-1	7.545029401
150	146	-1	29.64508899
13	31	-1	85.2144497
13	112	-1	0.443825259
149	75	-1	12.98298678
46	123	-1	9.089811232
122	40	-1	17.22055876
13	135	-1	21.74743769
145	23	-1	47.08494891
148	4	-1	3.995647408
2	44	-1	48.37227301
149	19	-1	0.393423842
138	62	-1	8.893869456
132	109	-1	4.664237117
4	39	-1	6.131335662
48	73	-1	21.49646076
2	77	-1	28.00500017
104	133	-1	14.79913869
13	17	-1	10.20798095
45	75	-1	7.471277607
1	45	-1	27.28917165
4	46	-1	77.25482935
48	64	-1	18.4255378
104	125	-1	12.94924635
104	140	-1	42.54752373
148	10	-1	4.661588643
134	45	-1	34.78744869
45	51	-1	41.09202684
13	10	-1	13.75858303
108	136	-1	102.9712758
45	68	-1	5.603458205
50	17	-1	108.8878717
4	21	-1	96.87510347
80	110	-1	80.55015758
46	29	-1	59.083773
104	100	-1	88.79483214
144	101	-1	55.69425488
26	73	-1	10.35657694
84	138	-1	40.23119527
148	17	-1	14.65070716
45	44	-1	13.07473581
138	43	-1	62.25708619
13	3	-1	11.98328199
108	21	-1	66.53528588
149	7	-1	10.22901989
50	146	-1	90.73989309
27	91	-1	19.0686854
132	72	-1	9.328474235
149	113	-1	11.80271525
26	51	-1	31.06973084
2	40	-1	34.36977293
116	45	-1	64.88432254
27	126	-1	43.58556663
141	121	-1	20.07293165
1	145	-1	68.22292913
104	49	-1	88.79483214
39	21	-1	63.98859175
50	44	-1	36.29595724
149	131	-1	11.01586757
46	64	-1	64.92722308
148	77	-1	55.93906371
5	31	-1	64.70338121
27	46	-1	40.86146872
87	72	-1	122.2541084
148	60	-1	16.64853087
50	84	-1	36.29595724
144	145	-1	57.92202507
35	15	-1	5.708816125
144	32	-1	23.02029202
48	17	-1	55.27661339
2	53	-1	14.00250008
27	39	-1	51.75786038
138	110	-1	71.15095565
144	136	-1	11.13885098
149	36	-1	1.180271525
23	128	-1	64.67617059
28	77	-1	73.99988298
46	82	-1	51.29250623
108	50	-1	26.93094905
19	44	-1	48.372453
27	60	-1	73.5506437
45	123	-1	36.11117511
149	45	-1	36.19499345
122	10	-1	30.85350112
145	49	-1	27.3749703
104	126	-1	14.79913869
52	43	-1	82.79318739
31	33	-1	75.47644506
149	54	-1	2.753966893
45	133	-1	4.358245271
104	20	-1	1.849892337
32	134	-1	16.07484448
144	21	-1	22.27770196
71	31	-1	16.94037472
108	32	-1	50.69355115
141	62	-1	80.2917266
23	62	-1	66.76249867
45	109	-1	82.80666015
66	146	-1	49.9955004
32	46	-1	19.64703214
149	63	-1	0.786847684
145	146	-1	29.56496792
2	102	-1	17.82136374
46	140	-1	11.03762792
13	125	-1	12.87093251
4	75	-1	12.26267132
36	49	-1	88.365243
148	128	-1	13.31882469
122	39	-1	4.305139691
52	145	-1	46.17312374
35	72	-1	81.82636445
116	101	-1	64.88432254
45	95	-1	23.03643929
150	32	-1	43.47946386
28	32	-1	65.39524542
27	17	-1	35.41327289
23	80	-1	39.64023359
3	24	-1	125.0957765
136	98	-1	58.53305521
145	133	-1	7.664991683
27	121	-1	38.13737081
122	41	-1	13.63294235
149	58	-1	5.901357627
13	23	-1	11.09563147
55	107	-1	37.11966266
53	49	-1	43.84979254
150	50	-1	73.12455285
5	80	-1	18.48668035
45	57	-1	4.980851738
52	29	-1	4.776530042
108	146	-1	42.77268378
116	114	-1	33.85269002
13	97	-1	3.106776812
148	11	-1	5.993471112
45	50	-1	28.01729103
3	101	-1	101.6403184
108	137	-1	77.62450019
55	121	-1	126.206853
116	121	-1	39.49480502
32	73	-1	16.07484448
149	101	-1	60.58727163
104	101	-1	36.99784673
108	128	-1	52.27772462
28	20	-1	27.53484018
1	62	-1	54.57834331
35	103	-1	5.708816125
138	64	-1	15.56427155
122	77	-1	12.91541907
52	123	-1	20.69829685
45	36	-1	0.622606467
112	82	-1	82.71719627
141	77	-1	36.80037469
4	4	-1	76.02856221
46	44	-1	2.597088923
66	51	-1	59.99460049
19	123	-1	6.201596539
148	32	-1	2.663764939
122	51	-1	63.85957208
39	31	-1	45.70613696
145	83	-1	14.23498456
4	146	-1	18.39400699
19	128	-1	64.496604
102	73	-1	67.88451486
13	45	-1	10.65180622
38	63	-1	112.9156708
4	123	-1	13.48893846
117	73	-1	35.24042782
28	97	-1	5.162782533
122	132	-1	7.17523282
39	20	-1	43.42083011
149	121	-1	34.22787424
145	84	-1	24.08997386
1	17	-1	11.69535928
2	32	-1	8.910681871
52	80	-1	97.12277752
31	123	-1	67.09017338
149	17	-1	29.50678814
50	45	-1	58.47681999
1	26	-1	25.33994511
46	65	-1	11.03762792
19	33	-1	60.77564609
27	33	-1	19.0686854
52	95	-1	11.14523676
32	3	-1	48.22453343
13	95	-1	3.99442733
144	146	-1	5.198130455
149	26	-1	1.573695367
23	138	-1	21.90644488
144	33	-1	24.50547215
39	10	-1	25.13837533
27	137	-1	29.96507706
46	72	-1	31.81433931
2	50	-1	54.73704578
132	45	-1	32.64965982
23	131	-1	71.97831888
99	82	-1	149.4866069
122	145	-1	7.8927561
46	83	-1	38.30706161
52	45	-1	63.68706723
23	43	-1	10.43164042
13	81	-1	11.98328199
144	128	-1	49.01094429
46	63	-1	0.649272231
149	44	-1	20.45803977
32	128	-1	23.2192198
39	56	-1	29.70898903
138	17	-1	53.36321673
122	122	-1	30.13597784
23	32	-1	16.69062467
23	145	-1	16.69062467
45	132	-1	13.69734228
39	49	-1	45.70613696
2	31	-1	73.83136408
108	121	-1	17.42590821
52	51	-1	17.51394349
48	62	-1	82.91492008
122	29	-1	3.587616409
35	66	-1	13.32057096
55	31	-1	37.11966266
3	45	-1	39.09243014
45	101	-1	107.7109188
84	64	-1	107.2831874
22	138	-1	52.18321527
28	82	-1	75.72081049
150	46	-1	75.10089212
83	121	-1	128.328521
19	75	-1	34.72894062
2	17	-1	16.54840919
148	112	-1	12.65288346
27	27	-1	51.75786038
138	10	-1	31.1285431
102	17	-1	81.46141784
112	40	-1	6.362861251
4	51	-1	62.53962376
104	26	-1	18.49892336
144	123	-1	15.59439137
145	131	-1	85.40990733
150	33	-1	3.952678532
112	73	-1	6.362861251
149	59	-1	22.42515898
13	29	-1	6.657378883
116	109	-1	56.42115003
28	49	-1	94.65101311
149	73	-1	0.786847684
150	73	-1	35.57410679
147	31	-1	103.9238683
46	121	-1	73.36776207
104	128	-1	25.8984927
13	133	-1	3.550602071
45	80	-1	2.49042587
28	8	-1	68.83710044
149	82	-1	27.53966893
46	17	-1	29.21725038
150	51	-1	15.81071413
35	145	-1	20.93232579
108	62	-1	82.37702061
45	73	-1	0.622606467
50	20	-1	10.08221034
39	122	-1	45.70613696
149	91	-1	29.90021198
2	66	-1	77.65022773
145	7	-1	18.6149798
148	20	-1	50.61153384
45	49	-1	62.88325319
149	100	-1	3.934238418
48	121	-1	39.92199856
27	62	-1	43.58556664
28	21	-1	8.604637555
26	47	-1	6.904384629
48	112	-1	55.27661339
112	29	-1	6.362861251
148	26	-1	6.659412347
39	144	-1	13.71184109
149	5	-1	1.180271525
116	72	-1	25.38951751
102	47	-1	33.94225743
150	108	-1	35.57410679
23	133	-1	47.98554592
148	33	-1	35.96082668
13	51	-1	41.27574906
39	137	-1	107.4094219
50	56	-1	62.50970413
150	103	-1	29.64508899
2	38	-1	5.091818212
27	82	-1	38.13737081
45	21	-1	37.9789945
132	49	-1	68.40881106
104	51	-1	9.249461681
32	101	-1	21.43312597
71	60	-1	70.18155242
150	126	-1	17.7870534
28	145	-1	44.74411529
2	33	-1	40.7345457
27	43	-1	78.99883953
138	122	-1	6.670402092
112	145	-1	4.241907501
23	31	-1	73.02148292
149	16	-1	10.62244373
134	145	-1	50.59992537
122	140	-1	45.20396676
2	137	-1	12.72954553
43	73	-1	17.90830946
104	73	-1	11.09935402
19	32	-1	27.28702477
4	64	-1	91.97003494
138	101	-1	55.5866841
19	145	-1	7.441915848
148	62	-1	38.62459161
35	49	-1	45.670529
144	51	-1	32.67396286
55	82	-1	133.6307856
149	138	-1	3.540814576
46	73	-1	49.34468954
36	103	-1	11.7820324
2	51	-1	48.37227301
122	105	-1	11.48037251
55	58	-1	96.51112291
23	45	-1	55.28769421
13	87	-1	3.99442733
38	33	-1	131.7349493
134	131	-1	12.64998134
46	80	-1	12.33617238
55	51	-1	40.83162892
13	80	-1	2.219126294
149	43	-1	1.967119209
71	32	-1	7.260160595
46	91	-1	6.492722308
108	43	-1	15.84173474
2	5	-1	7.637727318
148	100	-1	4.661588643
122	123	-1	46.63901332
3	62	-1	31.27394411
136	72	-1	15.96356051
45	131	-1	60.39282733
1	101	-1	109.1566866
26	103	-1	86.30480787
138	25	-1	2.223467364
144	126	-1	2.97036026
35	45	-1	38.05877418
150	20	-1	51.38482092
46	101	-1	35.70997269
150	135	-1	7.905357065
55	30	-1	29.69573013
3	44	-1	31.27394411
23	49	-1	78.23730313
28	60	-1	87.76730307
31	17	-1	62.89703753
122	37	-1	6.457709537
35	74	-1	39.96171287
31	30	-1	88.05585257
122	44	-1	17.93808205
145	19	-1	21.89997624
150	145	-1	15.81071413
45	30	-1	2.490425869
23	71	-1	29.20859317
138	133	-1	51.13974937
13	109	-1	11.98328199
145	123	-1	27.37497029
46	126	-1	53.88959515
71	146	-1	24.20053532
13	21	-1	18.19683561
104	121	-1	22.19870803
45	55	-1	21.16861989
50	21	-1	58.47681999
46	25	-1	0.649272231
1	83	-1	21.44149202
115	45	-1	89.00643389
136	138	-1	69.17542888
23	21	-1	34.42441338
28	31	-1	36.13947773
83	29	-1	112.2874559
52	126	-1	42.98877038
28	22	-1	32.69762271
71	80	-1	4.840107063
46	43	-1	25.321617
43	62	-1	19.89812162
144	95	-1	13.36662117
112	109	-1	4.241907501
35	20	-1	125.5939547
136	7	-1	15.96356051
28	109	-1	25.81391267
50	62	-1	90.73989309
71	73	-1	21.78048179
43	101	-1	17.90830946
46	50	-1	4.544905617
50	145	-1	76.62479861
148	34	-1	1.331882469
116	33	-1	47.95797753
45	27	-1	4.980851738
23	121	-1	6.25898425
144	62	-1	81.68490716
149	126	-1	33.44102655
26	62	-1	79.40042324
46	53	-1	14.93326131
148	41	-1	7.325353581
45	20	-1	18.05558755
132	50	-1	38.86864264
46	26	-1	5.194177846
2	62	-1	38.18863659
138	123	-1	2.223467364
70	31	-1	137.9269578
55	84	-1	25.98376386
50	43	-1	28.23018896
144	44	-1	8.91108078
149	128	-1	8.65532452
2	57	-1	40.7345457
149	122	-1	5.114509943
122	111	-1	5.740186255
149	24	-1	3.934238418
48	133	-1	46.06384449
71	45	-1	45.98101712
39	4	-1	4.570613696
149	137	-1	3.147390734
112	49	-1	19.08858375
52	32	-1	93.93842416
3	51	-1	46.91091617
25	66	-1	18.2123487
136	91	-1	23.94534077
149	33	-1	31.86733119
28	72	-1	48.18597031
144	26	-1	2.227770195
149	146	-1	2.753966894
27	128	-1	59.93015413
19	49	-1	34.72894062
27	49	-1	84.44703537
138	20	-1	13.34080418
112	135	-1	2.12095375
144	17	-1	20.79252182
26	29	-1	93.2091925
148	101	-1	22.64200197
134	80	-1	12.64998134
132	142	-1	23.32118559
45	113	-1	9.339097009
13	72	-1	33.28689442
35	39	-1	19.02938708
149	51	-1	20.06461593
39	51	-1	91.41227393
28	38	-1	10.32556507
32	33	-1	69.65765939
104	30	-1	20.3488157
144	77	-1	8.168490715
1	125	-1	11.69535928
145	32	-1	3.284996436
122	142	-1	4.305139691
27	4	-1	8.172293745
71	121	-1	14.52032119
144	6	-1	4.45554039
39	33	-1	22.85306849
46	109	-1	3.895633385
13	145	-1	17.75301035
108	17	-1	17.42590821
141	45	-1	26.76390887
132	123	-1	35.75915123
23	73	-1	25.035937
136	126	-1	42.5694947
148	138	-1	13.98476593
13	138	-1	15.0900588
148	121	-1	11.32100099
138	51	-1	37.7989452
13	27	-1	16.86535984
143	45	-2	67.10122699
54	33	-2	30.18263237
74	33	-2	66.37608692
54	103	-2	5.487751339
93	73	-2	58.71576871
29	43	-2	7.326723001
96	45	-2	97.70668453
29	75	-2	30.93505267
33	145	-2	44.12835467
95	33	-2	117.8791189
54	145	-2	76.82851875
93	33	-2	64.58734558
29	103	-2	74.89539067
54	43	-2	21.95100536
54	45	-2	35.67038371
29	32	-2	17.90976734
96	33	-2	27.91619558
93	75	-2	35.22946122
72	45	-2	37.76435045
93	62	-2	58.71576871
29	45	-2	73.26723001
29	63	-2	8.954883668
29	79	-2	18.72384767
29	145	-2	72.45314967
54	75	-2	2.74387567
96	138	-2	20.93714669
45	143	-3	3.113032336
149	28	-3	0.786847684
13	28	-3	0.443825259
