O	 D	 AMOEBA	 FlowValue
47	62	6	21.93900774
78	113	5	26.26373687
65	93	4	47.00833909
89	43	3	32.30768685
89	73	3	42.9516814
88	113	2	66.84744225
131	119	1	132.1092305
89	11	0	-0.417574868
149	87	0	0.134125575
63	76	0	6.01388354
40	49	0	-0.213203129
1	64	0	0.373036078
147	33	0	-0.659760778
148	145	0	0.092273713
59	131	0	1.222330942
95	138	0	1.269203256
133	30	0	-2.426887542
13	131	0	0.026796673
19	91	0	0.049970159
98	45	0	2.872445666
134	55	0	0.707570481
123	31	0	0.298911099
13	20	0	0.140121854
52	17	0	0.311300065
96	123	0	-1.583379672
8	87	0	-0.417813099
45	78	0	0.169275252
13	101	0	0.035631014
71	100	0	1.036824629
104	100	0	0.42744281
149	80	0	0.020400246
43	120	0	0.195180768
44	138	0	-2.027198096
135	93	0	-16.0275996
104	122	0	0.62345764
143	45	0	0.240240118
150	49	0	0.181914493
71	33	0	0.174762226
44	25	0	0.539715567
138	82	0	0.267227614
104	137	0	0.068033259
51	121	0	0.652204987
108	126	0	0.057996042
71	138	0	-2.069207846
112	121	0	-0.007685785
119	83	0	-0.055840126
49	51	0	-0.544922628
123	20	0	0.109455784
38	31	0	0.01971625
23	84	0	0.22520257
32	68	0	0.898369756
110	72	0	-0.366606745
99	108	0	-8.604020706
46	30	0	-0.149589488
11	72	0	-0.00906382
1	82	0	0.638912614
27	72	0	0.254568854
138	44	0	0.016070392
123	45	0	0.244583044
25	2	0	-0.740167446
13	123	0	0.099450233
102	51	0	0.663651673
70	72	0	-0.062772909
75	31	0	-0.072813322
44	120	0	-0.791498414
135	83	0	-0.739701257
48	123	0	0.120420593
29	55	0	0.023351376
124	123	0	0.706558699
16	20	0	1.349491486
145	109	0	0.142621744
54	33	0	-0.04572618
79	91	0	2.482223411
26	85	0	2.192424943
148	29	0	0.066075978
49	45	0	-0.402082872
13	63	0	0.046182889
108	131	0	0.71735291
146	23	0	-2.423276638
3	121	0	-0.623307506
82	47	0	-0.396107479
71	83	0	-0.658462509
1	51	0	0.083370009
26	45	0	0.828103946
100	20	0	-0.057860456
12	72	0	-0.223475789
124	114	0	8.141346284
112	31	0	0.084437649
2	82	0	0.368567182
137	119	0	-1.068171574
122	72	0	0.375649485
30	49	0	0.125708032
37	33	0	-0.48202168
29	59	0	0.290842694
5	72	0	0.147238057
133	131	0	1.223040745
45	33	0	0.010375622
119	62	0	2.712214247
31	82	0	0.664300874
87	17	0	4.631282029
55	72	0	0.067012038
3	126	0	-8.12899057
95	49	0	0.060279574
102	45	0	-0.097217798
1	52	0	1.436070639
115	146	0	2.333726883
63	105	0	0.992051451
46	51	0	-0.200340014
29	9	0	0.316865521
53	131	0	0.264750267
54	51	0	-0.1173578
112	22	0	0.088934472
2	45	0	0.027345081
72	45	0	0.13520635
134	123	0	0.788358411
122	83	0	0.148745133
136	45	0	-0.93351147
52	77	0	-0.452662941
128	32	0	-0.1268745
112	101	0	-0.08513681
94	21	0	1.64121544
59	21	0	1.014809455
25	101	0	0.02924234
13	49	0	0.066952582
74	33	0	-0.921787675
4	121	0	0.288838749
135	41	0	-0.328972309
48	145	0	0.638266826
124	17	0	1.712687332
116	83	0	0.438611455
58	86	0	6.046148291
149	125	0	-0.203245273
150	101	0	0.150730547
82	31	0	-0.223879619
30	144	0	-11.08216674
50	137	0	4.498945196
145	80	0	0.085168625
93	101	0	-0.164982912
55	41	0	0.215674061
135	145	0	0.40272353
84	18	0	8.567808434
92	82	0	-1.037962896
39	128	0	-0.461582999
149	21	0	0.084517852
60	11	0	-1.569795007
25	31	0	0.358711371
99	32	0	0.224990558
135	38	0	-0.461227294
122	131	0	0.056318128
50	49	0	0.056712884
124	40	0	-0.313295503
71	62	0	-0.108783074
39	17	0	-0.098202168
80	78	0	1.662061687
103	52	0	-4.923626888
145	73	0	-0.624629345
90	72	0	0.10072008
93	126	0	0.64486918
97	123	0	-0.207661625
29	37	0	-1.012754908
150	123	0	0.409634969
122	101	0	-0.047523248
87	79	0	-4.774376165
52	83	0	-0.072201478
148	49	0	0.338838136
6	51	0	-0.591822932
35	10	0	-0.236998345
4	109	0	0.513383209
132	58	0	-2.825994791
63	55	0	-0.393068568
28	123	0	-0.294033096
122	138	0	-0.068166757
32	126	0	-0.091543586
107	25	0	-0.891791096
144	45	0	0.026586686
1	31	0	0.028589838
36	84	0	1.417122892
35	17	0	-0.040885693
25	145	0	1.564587073
100	33	0	0.051920326
29	20	0	-0.072569385
25	32	0	-0.228061141
148	73	0	0.082426453
4	131	0	0.044422726
66	27	0	0.537547492
29	133	0	-0.035366094
52	90	0	0.123568233
148	56	0	0.17794021
84	32	0	-0.968824087
50	80	0	-0.261396931
35	51	0	0.284865842
147	128	0	2.509055825
108	33	0	-0.202399677
132	33	0	0.086365165
23	135	0	0.022734067
53	118	0	11.03919684
146	133	0	0.549911428
97	4	0	-5.55545604
44	82	0	-0.47999484
137	11	0	0.784345258
46	79	0	0.120440794
122	4	0	0.303891663
125	25	0	0.389607996
145	59	0	0.234723079
54	31	0	0.077615691
2	49	0	0.052075828
148	80	0	0.012949169
4	138	0	0.489295265
52	33	0	-0.194577752
59	49	0	0.172544844
6	45	0	-0.21340471
45	126	0	0.309990333
119	27	0	-2.316943952
32	29	0	0.044304921
87	50	0	0.869824552
17	146	0	-0.56153617
146	109	0	-1.962753302
38	39	0	9.921037726
149	32	0	0.07200394
45	143	0	0.114876281
28	73	0	0.333401806
54	103	0	0.091509802
149	145	0	0.104665607
80	51	0	0.107662373
133	55	0	6.159183403
122	51	0	0.195094713
93	73	0	0.315978564
138	21	0	0.114638311
122	126	0	0.152356016
123	100	0	0.10316952
35	80	0	-0.160344066
91	31	0	0.061797443
20	17	0	-0.277907106
81	101	0	0.781391041
45	119	0	0.1776338
144	131	0	0.062769119
35	33	0	-1.54332325
146	100	0	0.609344975
3	72	0	0.28229388
149	41	0	0.04571772
8	29	0	-0.324270584
28	64	0	0.259483952
32	131	0	0.075486828
71	34	0	1.279581141
44	64	0	-1.38305297
122	22	0	0.225650444
52	128	0	0.065629707
112	32	0	0.663982362
2	3	0	0.061060298
41	100	0	0.480949676
122	121	0	-0.12480565
87	83	0	-0.833674748
91	20	0	7.887268127
108	50	0	0.093348824
43	137	0	-0.219537218
6	31	0	0.031223406
46	134	0	0.365947525
50	125	0	2.486655108
31	45	0	1.246040315
70	120	0	0.690268456
4	96	0	2.383814643
149	50	0	0.064093757
23	146	0	0.339407318
63	43	0	0.180403205
11	49	0	0.054557527
1	123	0	-0.049136999
39	50	0	0.007921396
80	33	0	0.139828487
26	101	0	-0.277147619
27	145	0	-0.052843654
137	62	0	3.197562143
122	17	0	0.114081252
16	83	0	-11.09603717
48	138	0	0.612667512
134	72	0	0.675034287
52	62	0	0.415102746
126	29	0	-1.118888741
56	57	0	7.740489497
43	142	0	0.408116368
46	137	0	0.039797006
13	64	0	0.586842341
126	108	0	11.4444793
4	72	0	0.227888819
132	5	0	0.316519891
43	31	0	0.054200933
104	31	0	-0.110469566
32	145	0	0.133641125
70	130	0	-1.467151982
54	72	0	0.026224476
110	21	0	-0.539368588
2	98	0	0.059834289
148	133	0	0.245909139
39	43	0	-0.096275469
48	49	0	-0.141333374
128	121	0	0.07159466
98	1	0	-1.08429752
145	145	0	0.282207586
64	145	0	1.299323112
102	130	0	3.875263941
45	32	0	0.251886505
141	51	0	0.112427289
35	71	0	1.006153814
146	62	0	0.303464568
81	72	0	0.466786708
28	62	0	0.030942751
138	145	0	0.16636678
13	121	0	0.255720857
71	120	0	0.203471283
43	20	0	-0.066516521
8	50	0	-0.211457858
68	20	0	-0.291253458
148	140	0	0.093063142
80	31	0	0.11603538
44	45	0	1.393116378
122	35	0	-0.425482637
69	51	0	-0.583945766
46	100	0	-0.068760628
55	17	0	-0.007975365
132	100	0	0.119748388
25	38	0	-2.805344232
45	91	0	0.095317897
146	72	0	-0.716921357
39	72	0	0.12134291
4	62	0	0.330729316
132	11	0	0.19428607
48	80	0	0.358282971
29	82	0	-0.062262018
140	123	0	0.561045856
90	32	0	0.478554663
145	128	0	0.076731162
104	80	0	0.443642268
27	100	0	-0.052453326
122	42	0	0.331244673
103	124	0	-11.44219192
13	137	0	0.212192577
52	100	0	-1.210984743
145	17	0	0.044700647
113	82	0	0.70288745
138	48	0	-0.656541514
12	140	0	-6.334131619
106	51	0	-0.286853197
91	112	0	-1.991056021
96	101	0	-0.02801447
11	61	0	2.536849095
53	17	0	1.001020662
82	72	0	0.107493452
49	145	0	0.183072735
13	107	0	-0.162251427
89	10	0	8.254072463
38	125	0	-4.704270786
80	126	0	-0.073722833
43	2	0	-0.750916108
29	43	0	0.051443397
68	26	0	-3.603485244
145	121	0	0.063487853
110	46	0	-3.111248877
147	32	0	-1.001053498
148	146	0	-0.255562852
115	33	0	0.565057431
29	45	0	-0.026231604
46	124	0	0.037054687
122	53	0	0.532541268
13	130	0	0.275394179
52	99	0	-0.529358052
128	78	0	0.255790355
148	1	0	0.153901811
45	60	0	0.404413493
31	121	0	0.075974167
55	103	0	-1.547452128
45	77	0	0.06900382
13	100	0	0.014955481
90	131	0	0.163612695
3	146	0	0.782722643
43	123	0	-0.039013411
46	20	0	-0.043408449
110	49	0	0.160487488
41	33	0	5.411194806
104	138	0	0.281192071
12	51	0	-2.077093435
26	123	0	-0.183718287
138	146	0	0.092748042
134	47	0	-1.225169004
123	75	0	-0.514072509
126	32	0	1.249162783
146	34	0	1.274842294
111	131	0	-1.81976077
59	121	0	-0.097817304
45	70	0	-0.307220436
140	145	0	0.107437575
4	43	0	0.172200717
46	31	0	0.157130375
56	133	0	0.611535212
44	17	0	0.458464925
17	49	0	-1.147323239
136	140	0	0.966704336
138	45	0	0.668690442
49	43	0	-2.736676507
148	7	0	0.172895751
141	80	0	0.281895178
108	133	0	0.424397724
146	29	0	1.814184459
23	108	0	-1.01948072
82	29	0	0.650974693
3	128	0	2.127040717
135	82	0	0.22682701
140	31	0	0.10154194
82	51	0	3.161163397
58	45	0	0.434564
26	82	0	0.132014281
27	64	0	0.142180423
83	31	0	0.30250116
12	33	0	0.809298989
63	123	0	-0.053974602
35	128	0	0.007843935
148	30	0	0.128881161
62	49	0	0.359561035
141	73	0	-0.126026091
126	82	0	7.146034299
146	20	0	1.504519506
77	33	0	13.64533426
23	101	0	0.018843054
8	77	0	-0.062992889
82	44	0	1.300634674
71	82	0	0.105765214
30	72	0	-0.143579456
1	50	0	0.074321111
39	101	0	0.146774523
100	21	0	-0.066930596
135	75	0	0.612881913
11	121	0	0.092787535
72	121	0	0.215047142
145	101	0	0.059338094
33	122	0	1.487230328
122	73	0	0.776130811
123	77	0	0.206548835
51	79	0	3.338672994
24	107	0	-3.586459787
63	138	0	1.220480985
13	55	0	-0.0738389
96	31	0	0.168168796
149	2	0	-0.205574464
139	52	0	22.59010742
23	123	0	0.108108076
72	17	0	0.231825142
71	75	0	2.143315747
114	33	0	0.596370792
135	64	0	0.421385416
20	131	0	0.780947711
144	72	0	0.092264552
145	94	0	0.658702504
93	107	0	8.049381849
83	45	0	3.273581275
51	84	0	-0.807378342
6	70	0	1.935003775
45	25	0	-0.011473374
84	20	0	-0.249050043
123	51	0	0.073660235
13	48	0	-0.941191191
141	123	0	0.13118718
35	31	0	-0.041866382
6	114	0	-2.630079008
55	64	0	-0.150687296
39	138	0	-0.390799195
116	82	0	0.03082264
8	123	0	0.183076948
64	72	0	-0.224544602
50	55	0	-0.011568071
71	64	0	0.168415011
80	72	0	-0.122962909
90	17	0	-0.184372882
144	21	0	0.079763999
93	100	0	-0.42397118
115	11	0	0.794466636
79	49	0	0.840167098
11	80	0	-0.221287102
138	126	0	0.63492288
122	91	0	0.057815358
148	43	0	0.088840169
102	77	0	0.425251389
35	101	0	-0.194783047
38	51	0	-0.402457945
39	131	0	0.220766599
136	55	0	1.343186723
63	9	0	1.11119324
80	45	0	0.630854966
50	46	0	1.063983439
72	31	0	0.248689811
53	99	0	-1.366775181
39	16	0	0.638216735
80	79	0	1.774380651
145	72	0	-0.027907747
128	128	0	-0.882256626
147	83	0	0.240444065
4	133	0	0.071030302
5	17	0	-0.456776058
100	145	0	0.051803637
122	21	0	-0.043160037
138	121	0	0.145030811
47	33	0	0.666685937
30	43	0	-0.690414007
55	33	0	0.659831799
148	50	0	-0.041549481
116	49	0	0.173111724
45	11	0	0.073226283
49	72	0	-0.687507657
31	72	0	0.07569858
96	45	0	0.34981574
149	29	0	0.087831618
136	62	0	1.10027867
124	32	0	0.291586674
144	46	0	-0.118736519
48	31	0	0.093301421
11	101	0	0.925041696
12	109	0	-6.92770101
125	31	0	0.166124213
143	31	0	-0.401711024
128	135	0	-0.251168368
19	37	0	-0.186226141
137	146	0	-1.038543461
122	109	0	0.013350885
52	91	0	-0.115462509
108	72	0	-0.080750246
55	62	0	0.667421766
23	17	0	0.071721464
84	33	0	0.353846198
31	49	0	-0.300192794
29	63	0	-0.155302261
35	50	0	-0.2902249
92	33	0	-1.380189588
149	38	0	-0.040789237
43	50	0	0.165531449
8	16	0	0.070206962
29	123	0	-0.059284944
50	32	0	0.126252821
89	75	0	-0.419257569
100	48	0	1.965366371
140	49	0	0.297377883
143	100	0	0.392230781
126	60	0	-1.005354177
112	51	0	0.194389118
134	100	0	0.197908101
34	72	0	-0.278322569
25	64	0	-0.147866084
64	37	0	-4.338171146
10	33	0	-6.137634778
84	40	0	-0.645391299
50	72	0	-0.06852288
149	47	0	0.027711759
43	43	0	0.950037754
45	142	0	0.868349327
29	116	0	0.297878379
53	126	0	0.32106514
36	26	0	-17.71971051
136	29	0	-2.969878797
78	110	0	12.97886094
27	130	0	0.878959367
145	51	0	0.173954829
19	51	0	-0.128834423
93	72	0	0.074823131
9	73	0	7.814123048
123	103	0	-0.134018744
35	83	0	0.345175229
96	49	0	0.196287312
32	21	0	0.667638384
13	77	0	0.021386695
14	101	0	-3.339660761
17	138	0	-0.532879652
146	101	0	0.389552203
75	73	0	1.24672631
149	40	0	0.007329286
63	45	0	0.935229147
29	77	0	-0.239292324
139	78	0	20.84129305
70	145	0	0.191113448
2	145	0	0.426845155
97	21	0	-0.637089155
79	109	0	0.955336672
26	27	0	3.340591803
64	79	0	6.650989895
123	143	0	0.049429684
135	33	0	1.037907451
112	33	0	0.341671252
112	73	0	0.0342417
148	103	0	0.344247499
61	120	0	-0.755212703
11	31	0	0.098361556
138	29	0	3.364405186
87	82	0	0.175755029
56	51	0	1.225648644
64	51	0	0.337035497
46	135	0	0.056599338
84	62	0	0.693227648
32	44	0	0.464731912
13	70	0	0.046105727
70	121	0	1.213827717
46	33	0	0.591493422
149	49	0	0.126746075
132	31	0	1.167884404
135	2	0	1.205321382
11	48	0	0.229113203
39	45	0	0.482738129
100	45	0	0.959291137
123	132	0	-0.157763973
107	6	0	-8.216047448
145	45	0	0.427321964
148	110	0	0.102566109
77	128	0	-0.859707635
150	131	0	0.262514348
145	146	0	0.246650159
9	123	0	-1.18076099
88	17	0	0.99115301
141	57	0	-0.306602081
25	91	0	-2.113176005
28	32	0	0.033153895
38	73	0	-0.810206691
149	58	0	0.170264213
13	56	0	0.009882549
116	131	0	0.153293349
7	44	0	-0.706366164
135	123	0	0.17444637
32	146	0	-0.059603018
1	115	0	0.123243965
2	99	0	1.11096524
148	134	0	0.875799469
115	77	0	0.153177522
133	33	0	0.787679139
122	25	0	0.052889994
51	31	0	0.077137981
143	120	0	-0.436558736
32	31	0	0.058007921
42	109	0	-11.44511844
81	62	0	2.709743267
134	64	0	0.990371723
27	6	0	0.878726344
101	51	0	-2.21850077
91	101	0	-1.874466583
132	126	0	-0.136604883
136	121	0	-0.05784779
46	145	0	0.016193526
102	18	0	2.618622493
141	131	0	0.222188259
71	123	0	0.508381855
91	146	0	0.656133017
8	51	0	-0.023296793
36	62	0	0.794415713
147	21	0	-0.223255971
21	121	0	-1.222481182
118	45	0	1.314952973
122	32	0	0.124408624
16	66	0	4.568037361
145	31	0	0.03556286
136	145	0	0.294924323
27	31	0	0.008561804
88	31	0	-1.224356297
123	80	0	0.416741814
95	123	0	0.57229872
132	101	0	-0.01560219
150	73	0	0.191441846
139	29	0	-5.281898096
32	49	0	0.255738196
71	112	0	0.490129152
146	73	0	0.908269049
40	17	0	0.119438839
39	75	0	0.10119888
116	145	0	0.117266857
99	123	0	0.196267039
100	75	0	1.05772965
46	11	0	0.324540662
90	33	0	-0.727568896
145	135	0	0.071591166
97	49	0	0.151651158
136	138	0	-5.990505798
27	103	0	0.726801625
122	43	0	-0.86653142
52	101	0	0.102258029
108	10	0	0.624777815
128	72	0	0.111897975
148	123	0	0.119376732
5	105	0	-0.407878394
149	122	0	0.086185564
27	20	0	0.263069802
138	49	0	0.176236457
139	133	0	-0.185008699
8	145	0	-0.009056741
146	49	0	-1.48879205
3	31	0	-0.245734004
132	108	0	0.467522389
25	46	0	4.135132978
8	82	0	-0.226146619
64	31	0	0.154104819
45	83	0	0.060500878
32	72	0	0.146047752
39	64	0	0.212050393
150	77	0	2.190387768
8	33	0	-0.907714159
48	72	0	0.097834056
144	118	0	0.071217998
145	120	0	0.061376277
58	17	0	-0.456376511
122	50	0	0.193993775
86	20	0	-0.778023153
123	137	0	0.016420813
73	33	0	-2.207260268
37	11	0	-0.318926576
81	33	0	-0.488346228
63	145	0	-0.059335584
92	101	0	-0.528006498
123	17	0	0.017267876
91	72	0	0.334077924
146	40	0	-0.733650821
108	40	0	0.216423861
106	84	0	-0.434364327
82	64	0	2.80467572
46	131	0	0.066641477
13	99	0	0.719357705
90	128	0	0.558505355
40	31	0	-0.09706644
39	121	0	-0.041406787
4	45	0	0.597088995
46	21	0	0.033475406
11	85	0	-5.239838071
13	71	0	-0.234666768
144	109	0	-0.179624901
2	71	0	-0.269223191
80	5	0	1.118089617
81	137	0	0.769793296
33	145	0	0.122289684
149	56	0	0
30	109	0	2.744448187
13	11	0	0.172910458
126	33	0	-2.255074823
23	86	0	0.16628103
8	64	0	-0.082129001
124	15	0	-1.088079825
31	145	0	0.313743533
78	55	0	-1.050959496
139	126	0	-2.993430354
93	31	0	0.05536287
97	68	0	-9.322734235
81	130	0	1.246847327
26	72	0	-0.051324284
138	91	0	3.278604802
23	11	0	0.230042056
52	114	0	0.642322383
148	16	0	0.042917802
141	79	0	3.537375727
55	116	0	1.746305449
2	10	0	0.11890351
82	50	0	-0.038984935
63	20	0	0.079527635
102	49	0	0.347139485
143	140	0	2.009395785
75	17	0	-0.149326219
115	134	0	3.583317998
80	100	0	0.096938597
26	32	0	0.299281226
63	101	0	0.06446004
46	39	0	0.267405904
68	112	0	-8.933142098
26	83	0	0.20127706
52	121	0	-0.236554997
148	31	0	0.309770612
77	79	0	-14.18599463
10	24	0	1.797154721
36	123	0	-0.165003829
141	72	0	0.024868952
55	77	0	-0.232530028
3	123	0	0.569376866
60	120	0	-2.312398656
63	29	0	0.354078513
28	17	0	-0.033277573
124	29	0	3.00353972
71	77	0	-0.069969359
51	33	0	0.272668467
145	100	0	0.258285517
112	17	0	-0.036455893
93	17	0	0.479385515
61	72	0	0.752197792
47	21	0	-0.429713086
108	101	0	0.216206043
128	43	0	0.416164225
19	121	0	0.085397295
148	38	0	0.207129551
45	31	0	0.039136881
29	132	0	-0.143821978
91	84	0	-3.153217668
23	125	0	0.104304235
26	131	0	0.458549819
84	125	0	-0.27935071
34	49	0	0.335059431
101	49	0	0.917431721
1	10	0	-0.485526373
8	36	0	0.48510228
100	29	0	0.566742833
46	49	0	0.117865982
144	73	0	0.023977464
145	93	0	0.497274665
19	17	0	0.413058689
137	126	0	-0.364591291
122	81	0	1.516390059
63	131	0	0.452459844
19	126	0	0.054489192
148	45	0	0.302799182
59	23	0	2.906774162
23	5	0	0.308902589
84	21	0	0.244877219
123	50	0	0.1114319
87	40	0	-0.519437065
146	7	0	-3.707741022
39	133	0	0.56259002
149	10	0	-0.187826892
25	20	0	0.08117497
136	49	0	0.108843324
28	103	0	0.258272567
104	48	0	0.44691786
50	52	0	1.138953035
107	45	0	-0.693043777
144	49	0	0.146198582
57	94	0	6.521110086
149	123	0	0.070525221
80	73	0	0.243832612
99	138	0	-1.02074386
46	56	0	0.180714827
144	64	0	-0.008612985
128	138	0	3.847814389
148	69	0	-0.241650786
22	33	0	8.98611084
40	98	0	15.75046872
78	91	0	-9.594698924
19	135	0	0.108122985
131	20	0	2.435595102
23	2	0	0.423951944
45	17	0	-0.008026227
49	86	0	7.107967811
32	10	0	-0.240983268
87	33	0	0.536142658
74	91	0	3.92211473
95	33	0	0.654811237
134	146	0	0.263835895
135	32	0	1.499823398
121	17	0	-0.317446226
104	55	0	0.307765303
32	121	0	0.038834036
144	40	0	-0.212122476
71	56	0	-0.269433704
110	109	0	-0.467166751
26	4	0	0.843520577
137	31	0	-0.111788013
46	67	0	2.345825001
19	31	0	0.120847533
147	82	0	1.054359003
97	121	0	2.31051028
78	133	0	0.26528296
100	146	0	2.495238892
29	138	0	-0.154679904
87	73	0	0.692536595
108	82	0	0.770230368
91	10	0	1.122354028
148	51	0	0.061034678
116	50	0	0.04889215
6	49	0	0.152402549
13	33	0	-0.268730992
87	62	0	0.809849367
149	28	0	0.089659034
82	17	0	0.459134346
63	49	0	0.218980995
104	62	0	3.15984954
124	33	0	-0.11210208
146	136	0	-2.442206539
2	133	0	0.101385108
150	117	0	3.863882147
26	15	0	-2.543805555
46	74	0	1.565418612
11	100	0	0.143803594
17	125	0	-1.495583173
97	114	0	-0.934682824
137	145	0	-0.029569636
29	131	0	0.77659254
108	73	0	0.093777423
120	60	0	-6.373333678
50	78	0	0.078319075
141	101	0	0.147719699
146	112	0	8.403069912
40	72	0	0.127906024
149	37	0	1.78898062
8	17	0	0.009362356
63	62	0	-0.019249058
50	33	0	-0.123213325
80	62	0	0.814676645
100	49	0	0.031863993
78	72	0	-0.09727039
12	101	0	-0.682280124
108	49	0	0.129615224
54	29	0	0.272252652
19	45	0	0.368575673
148	82	0	0.371076945
24	32	0	0.944999193
100	128	0	-0.680647077
108	64	0	-0.064309533
50	123	0	0.067775199
59	51	0	0.226783194
6	35	0	3.865919816
45	124	0	0.14213137
50	73	0	0.09766324
126	121	0	0.612953435
79	33	0	-0.456332731
8	24	0	-1.949546751
134	135	0	-0.241225086
28	75	0	2.76884731
11	5	0	5.844697663
139	72	0	1.438133874
75	32	0	0.111578429
26	17	0	-0.096423945
137	50	0	-0.135613374
46	84	0	0.176210667
11	146	0	0.249220293
105	51	0	-2.98712525
15	49	0	0.390019604
112	72	0	-0.060812778
77	141	0	8.661340212
137	131	0	0.751604814
30	29	0	-0.914678962
94	72	0	-0.106749071
109	71	0	-0.931169821
59	72	0	0.114661746
25	72	0	-0.669178436
79	133	0	-0.446100004
96	51	0	0.298499614
149	55	0	-0.067710674
132	17	0	0.016702287
8	31	0	0.386900814
100	80	0	0.201939674
63	44	0	-0.464258765
121	45	0	-0.396734476
68	32	0	-0.472082775
150	30	0	0.728543906
46	95	0	-0.090625631
122	20	0	-0.023985758
140	32	0	0.342324146
52	130	0	0.079035824
150	55	0	-0.89570252
64	133	0	-0.399387747
118	72	0	0.028538585
87	123	0	0.522650854
52	49	0	0.126199099
91	22	0	-3.710046553
96	91	0	-0.393642066
132	137	0	0.209655189
2	105	0	3.229851152
49	107	0	-1.207530468
80	20	0	-0.074796511
35	40	0	0.460860121
149	48	0	0.089767338
104	26	0	0.30912943
140	72	0	-0.089202309
1	121	0	0.063571409
93	40	0	1.27615233
39	44	0	-0.396416285
45	128	0	-0.076991731
2	66	0	1.139000612
122	31	0	0.368343843
51	25	0	-0.402022797
145	44	0	0.1107994
19	64	0	-0.014385935
150	128	0	0.040732466
6	133	0	-1.510516805
10	72	0	0.217284087
139	145	0	-0.354050862
35	64	0	0.088285497
54	145	0	0.190097552
96	82	0	-3.088226563
116	29	0	-0.256584885
28	33	0	0.133835047
13	126	0	0
8	114	0	1.222307381
43	17	0	-0.076953991
63	82	0	-1.508900968
28	80	0	0.646956843
85	33	0	1.022925176
53	72	0	0.238649921
93	33	0	0.358778722
150	40	0	0.589091097
75	33	0	-2.445125182
84	114	0	-0.803058364
137	37	0	0.839178656
46	105	0	0.229202094
27	45	0	0.575426417
108	21	0	0.285870803
19	73	0	0.053398168
41	84	0	3.235350256
24	60	0	-0.999588555
141	49	0	0.085538741
23	77	0	0.231228898
82	84	0	-1.040599396
49	101	0	1.206560639
31	29	0	0.104012763
53	32	0	-0.448785137
113	128	0	-1.060711052
4	49	0	0.329213539
100	77	0	-0.090078227
63	91	0	0.034504866
11	33	0	-1.019363485
140	126	0	-1.41931805
144	121	0	0.20989435
71	11	0	0.320207024
1	75	0	0.71930364
2	123	0	-0.10696408
115	85	0	-0.807519678
8	131	0	0.111814054
118	34	0	15.56266426
122	33	0	0.123559725
13	142	0	0.309501575
19	78	0	0.144522864
150	146	0	0.247318581
13	31	0	0.044173006
74	31	0	-0.139079455
40	131	0	-0.39157474
13	112	0	0.007490595
70	59	0	5.490812519
50	145	0	0.212344704
126	36	0	2.789725134
80	121	0	0.310136116
63	64	0	0.571183355
29	80	0	0.316594418
93	51	0	-0.287008151
8	138	0	-0.072445812
46	123	0	-0.08547291
122	40	0	0.106936745
13	135	0	0.236975054
17	76	0	0.328218568
145	23	0	1.352083302
128	73	0	0.05316141
148	4	0	0.065087351
2	44	0	0.349616741
149	19	0	0.015540521
10	101	0	1.724779212
138	62	0	0.079957112
52	21	0	-0.704605871
146	46	0	7.961022295
77	59	0	-3.311692141
132	109	0	0.0433935
25	45	0	1.304100384
32	73	0	0.086506681
12	56	0	26.67324847
146	65	0	-8.991495843
4	39	0	0.101008808
71	145	0	-0.033532587
48	73	0	0.115683077
29	41	0	0.292400012
143	33	0	0.638988306
110	44	0	-8.438136545
2	77	0	0.134948248
138	73	0	0
47	112	0	8.102263412
135	31	0	0.413249004
108	2	0	-0.183949544
143	86	0	-0.381999266
136	128	0	0.690920797
63	144	0	-3.217487188
101	45	0	-0.152934771
13	17	0	0.021932413
108	145	0	0.816559372
109	29	0	-1.164945871
146	41	0	0.133722385
45	75	0	0.110282044
1	45	0	-0.125617427
129	16	0	0.390069129
4	46	0	1.235266934
48	64	0	0.106854976
104	125	0	0.215795596
103	31	0	-0.350076526
33	39	0	-1.332794906
146	138	0	6.734379247
84	131	0	0.303627996
104	140	0	1.189175878
108	121	0	0.063146958
19	101	0	-0.017425599
148	10	0	0.048380819
82	145	0	0.685700377
134	45	0	-0.26041908
45	51	0	0.125538536
119	44	0	-0.373797656
138	32	0	0
49	48	0	-1.41866651
13	10	0	0.142794992
108	136	0	1.103705151
91	64	0	-0.342076899
45	68	0	0.140921415
50	17	0	0.233951627
4	21	0	0.416226717
80	110	0	0.827071603
143	49	0	0.073528715
46	29	0	0.488533855
11	77	0	-0.740313289
144	101	0	0.111780636
143	55	0	0.439944218
54	45	0	0.068766598
93	30	0	-0.595225701
26	73	0	0.055733858
9	55	0	2.508000762
84	138	0	0.382207821
148	17	0	-0.238945545
24	31	0	1.356702805
45	44	0	0.094499312
138	43	0	0.437128035
123	46	0	-0.257014441
13	3	0	0.287403333
96	29	0	5.712916551
74	51	0	0.405565625
8	72	0	-0.124940214
64	101	0	0.258320644
148	60	0	0.212039977
17	82	0	0.490275712
44	10	0	-0.390814938
83	33	0	-0.267321383
84	145	0	0.037163257
12	35	0	5.999473066
91	33	0	-0.546106267
134	31	0	0.337949184
122	108	0	0.943967631
67	72	0	-0.115692315
45	135	0	0.047490441
126	80	0	-1.096365124
149	7	0	0.204286226
135	52	0	-0.254917184
57	83	0	-1.081492162
80	92	0	6.248494497
43	96	0	-1.06706645
50	146	0	0.757011105
63	72	0	-0.038653777
72	123	0	-0.574210832
145	91	0	-0.017646187
122	142	0	0.17659938
22	20	0	5.087859128
79	45	0	-2.42645028
27	91	0	0.153648376
17	33	0	-0.498530494
128	44	0	-0.975780084
6	77	0	0.538544845
120	33	0	1.667843574
123	60	0	0.460624144
55	69	0	-1.508600848
95	50	0	-0.054479462
132	72	0	0.009906278
99	55	0	-0.616389664
135	45	0	5.760413377
80	43	0	-1.378576558
124	21	0	-0.216766524
89	109	0	-5.549250537
90	101	0	-0.126905691
53	31	0	0.964735312
110	45	0	0.134835485
39	28	0	-5.208083063
149	113	0	0.545840783
102	126	0	-0.49704571
26	51	0	0.063279892
51	41	0	-1.382788031
90	20	0	-0.503260766
143	2	0	9.739495325
2	40	0	0.213430453
4	145	0	-0.118939256
5	45	0	0.430216793
61	64	0	-0.178598956
27	80	0	1.00642707
119	131	0	-0.20817015
55	45	0	-0.079738919
116	45	0	-0.181802359
118	61	0	1.879433151
141	121	0	0.072739082
70	33	0	-2.134346721
1	145	0	0.081026236
97	133	0	4.187122154
8	125	0	-0.254158553
104	49	0	0.227034047
124	44	0	-0.802218815
107	44	0	2.273498583
39	21	0	0.274928857
95	72	0	0.692665562
29	31	0	0.105757283
43	51	0	0
90	31	0	-0.033121978
9	83	0	-2.225224832
40	43	0	1.8540118
113	103	0	-4.648610833
62	40	0	-3.243578042
87	32	0	0.495840312
29	15	0	0.292618872
63	11	0	1.353552049
11	17	0	0.15587514
50	44	0	0.262333636
124	43	0	-0.21254239
87	145	0	0.641925236
118	125	0	1.791391979
110	114	0	2.294815092
149	131	0	0.066510095
71	44	0	-0.192403684
46	64	0	0.37653158
36	126	0	-0.474469733
29	91	0	0.268941821
148	77	0	0.269554672
4	135	0	-0.146984761
5	31	0	0.067787296
27	46	0	0.653354899
29	137	0	-0.269453974
123	82	0	-0.490279571
87	72	0	-0.081995683
128	49	0	0.159966584
48	112	0	0.932922877
116	51	0	0.629150137
50	84	0	0.223877756
144	145	0	0.123473134
35	15	0	0.10260089
3	86	0	1.557839728
95	41	0	-0.498113232
29	96	0	4.147345847
144	32	0	-0.028612191
48	21	0	1.319431039
48	17	0	0.118764867
29	17	0	-0.096200319
125	29	0	-0.52444269
143	25	0	-0.618269739
2	53	0	0.742326252
133	83	0	1.837201902
27	39	0	0.85266899
138	110	0	0.73056263
109	84	0	-0.651768331
55	56	0	-0.041326723
113	17	0	-0.069110568
45	2	0	0.560287984
119	31	0	-0.370249766
67	45	0	-1.755222648
144	136	0	0.119392589
149	36	0	0.058397483
23	128	0	0.266595922
99	83	0	0.453941987
28	77	0	0.356584699
29	121	0	-0.592953084
68	52	0	15.40559128
36	29	0	-3.604527818
46	82	0	0.280208828
30	51	0	0.488160444
143	102	0	1.949196719
19	44	0	0.349618042
6	145	0	0.392305712
27	60	0	0.936759943
101	29	0	0.565115986
1	44	0	1.169327422
23	40	0	-0.058300844
45	123	0	0.033133784
66	128	0	1.689872644
89	33	0	1.262234974
75	82	0	2.278078336
149	45	0	0.129587638
43	45	0	0
33	119	0	-1.214835702
137	49	0	0.072752167
122	10	0	0.208513076
98	51	0	-2.314902294
108	41	0	-0.100411902
145	49	0	-0.19598146
24	40	0	-1.949481666
98	115	0	-2.113629464
104	126	0	0.108358267
123	121	0	0.150473425
52	43	0	0.58131894
23	33	0	-0.15066251
28	44	0	-0.211449773
84	49	0	-0.10286467
31	33	0	0.419266998
146	55	0	-0.532536697
92	49	0	1.233183835
40	55	0	-0.23918585
149	54	0	0.132919875
45	133	0	0.031555877
29	75	0	0.456626163
32	134	0	1.006691162
90	75	0	-1.066661937
71	31	0	0.017747793
150	31	0	0.32507419
7	73	0	0.525941006
11	138	0	0.932493567
140	33	0	-0.035893194
52	131	0	0.365294993
108	32	0	0.244154483
150	142	0	0.729635466
6	131	0	0.989670191
118	73	0	0.433867055
123	126	0	-0.274615308
141	62	0	0.060152807
52	50	0	-0.066226179
23	62	0	0.600204064
136	77	0	-0.089744579
45	109	0	0.770387676
66	146	0	0.417094926
32	46	0	0.314146434
89	51	0	-0.260322515
35	43	0	-0.093528229
149	63	0	0.013646098
117	48	0	-8.277286216
136	6	0	0.813070772
63	84	0	-0.171687697
139	121	0	1.296309225
124	70	0	11.00617964
89	92	0	-5.364634868
90	82	0	3.01012554
71	20	0	-0.161797726
2	102	0	0.241586647
11	131	0	-2.679683968
103	82	0	-2.312234569
125	33	0	-2.202068636
108	31	0	0.164308212
84	126	0	-0.073642505
5	126	0	-3.790029359
34	83	0	-0.141489459
96	83	0	-0.587755068
149	75	0	0.145181278
43	131	0	2.078390021
6	21	0	-1.0884178
46	140	0	0.30849459
13	125	0	0.214490518
75	121	0	-3.274084419
4	75	0	0.181006854
11	51	0	0.299867022
135	117	0	-2.680349485
29	93	0	1.109101272
85	32	0	-0.197089777
140	64	0	-0.524608683
36	49	0	0.225935657
148	128	0	0.054900349
137	36	0	-1.935786813
122	39	0	0.070923703
103	75	0	6.247610227
52	145	0	0.057359677
19	72	0	0.061905786
148	119	0	-0.119998421
119	75	0	-2.03572689
35	72	0	0.0323329
74	21	0	2.471618932
116	101	0	0.130225476
6	12	0	12.73823825
136	123	0	-0.052165138
45	95	0	-0.096559572
142	49	0	-2.56865433
40	44	0	0.334821619
7	39	0	4.628882601
34	131	0	-0.923069073
58	13	0	-2.572722901
150	32	0	0.199890789
44	40	0	1.16918064
137	45	0	0.203745346
125	51	0	-0.048443007
46	142	0	0.239701783
148	126	0	-0.034131829
27	17	0	0.076087379
116	121	0	0.143118899
3	24	0	1.373441256
60	95	0	-0.602183129
27	44	0	0.29533145
136	98	0	0.917101015
32	51	0	0.392876691
57	45	0	0.76070629
149	31	0	0.142200495
150	72	0	-0.07135761
8	60	0	-0.263617382
145	133	0	0.055498376
93	50	0	-0.101761136
138	72	0	0.125142985
78	83	0	1.42412729
27	121	0	0.13819991
122	41	0	0.072009668
103	121	0	2.098846869
143	72	0	-0.040718549
20	72	0	-0.013735769
4	73	0	0.20457363
13	23	0	0.229406578
55	107	0	1.130835115
9	130	0	9.300545068
138	142	0	8.66475509
32	74	0	-2.289444573
53	49	0	0.112116839
78	43	0	-5.916821604
135	96	0	21.57038879
29	40	0	-0.045497705
69	145	0	-1.390446911
143	32	0	-0.323178491
92	131	0	-1.323642509
150	50	0	0.253466412
79	72	0	-0.261711926
27	126	0	-1.236630673
5	80	0	0.119823961
45	57	0	0.228238635
52	29	0	0.039494713
108	146	0	0.3568375
77	51	0	-0.283190421
116	114	0	0.426780928
49	143	0	-14.87058836
13	97	0	0.112417745
89	16	0	-12.20341246
74	145	0	-0.122628799
22	145	0	-10.33972441
99	107	0	-1.423139822
29	33	0	0.438650107
140	100	0	0.435462961
54	43	0	0.154125425
44	21	0	-0.862876002
137	64	0	-0.350651858
106	145	0	-0.520405982
148	11	0	0.044056683
45	50	0	0.097114334
10	20	0	-0.759981421
138	33	0	-0.308780603
49	55	0	-0.265292412
106	32	0	-0.565278149
39	137	0	1.316727617
108	137	0	0.951595506
146	33	0	2.062593139
55	121	0	0.457340802
23	80	0	0.256933625
45	30	0	0.02295133
50	31	0	0.399272033
57	64	0	-1.760266709
149	101	0	0.053694001
63	126	0	-0.094063253
104	101	0	-0.022276855
16	17	0	-0.55758841
90	56	0	1.257082677
115	48	0	-0.938630803
98	72	0	-0.236665053
103	100	0	0.321708085
81	17	0	0.566651979
45	43	0	-0.091802137
138	40	0	-0.082844128
123	33	0	0.491093605
87	31	0	0.235938733
108	128	0	0.215489384
116	64	0	1.079768
136	30	0	0.416832596
28	20	0	0.102272176
1	62	0	0.490666828
135	79	0	-3.85108991
29	51	0	-0.037305943
79	39	0	-0.676669399
138	64	0	0.090261673
122	77	0	0.062235785
123	73	0	0.187420598
52	123	0	0.057974687
45	36	0	0.030805327
123	38	0	0.575341844
116	79	0	-1.308274051
99	49	0	-0.203050717
63	31	0	0.217588633
141	77	0	0.177330693
124	31	0	0.581417984
4	4	0	1.238472075
46	44	0	0.01877079
19	10	0	-0.141600718
22	21	0	-0.112103356
79	44	0	-2.374969812
66	51	0	0.183287
34	40	0	3.390681737
128	45	0	-0.08252499
19	123	0	-0.239710137
148	32	0	0.012829445
147	73	0	-0.279632843
13	52	0	-0.337882687
146	10	0	-1.050998659
38	4	0	-3.065578274
96	27	0	-0.125063596
104	133	0	0.107153171
96	138	0	0.198908861
149	112	0	-0.232398347
53	33	0	-0.152239309
100	31	0	0.244804565
137	19	0	1.826421073
46	55	0	-0.696536117
27	82	0	0.208342871
145	83	0	0.092217595
36	73	0	1.616825921
4	146	0	0.153454749
51	89	0	-1.962991386
52	73	0	-0.197070657
19	128	0	0.184053978
111	51	0	-0.460399597
59	41	0	-0.285160839
82	138	0	2.030158079
102	73	0	0.365320117
123	52	0	0.230266824
13	45	0	0.003178023
38	63	0	1.958267647
39	135	0	-0.298827322
4	123	0	0.037781707
8	126	0	0.143574306
136	51	0	0.820955058
28	97	0	0.186813668
104	50	0	-0.032060748
25	15	0	-0.851029037
144	51	0	0.09982086
39	20	0	0.161277231
149	121	0	-0.039918638
150	121	0	-0.408219143
51	49	0	0.836696043
145	84	0	0.148589807
1	17	0	0.025128128
2	32	0	0.042916365
137	101	0	0.164186203
52	80	0	0.629514639
108	85	0	-0.368895978
39	4	0	0.074453301
20	121	0	0.56245962
31	123	0	0.129191941
134	1	0	-1.077065578
110	128	0	-0.491587334
149	17	0	0.036347596
2	122	0	0.193057159
8	101	0	-0.216456176
63	10	0	0.177775695
50	45	0	0.209362462
68	45	0	3.228561506
72	2	0	-1.096271205
1	26	0	0.423447497
115	100	0	-0.061208775
46	65	0	0.784033806
104	72	0	0.512727773
128	131	0	0.85488892
55	141	0	-1.387362807
19	75	0	0.512626989
98	103	0	-4.087898744
27	33	0	0.105925372
52	95	0	0.172850645
19	142	0	0.661422225
25	123	0	0.86719883
19	40	0	-0.184852134
32	3	0	1.156602313
13	95	0	0.061949275
144	146	0	0.043366179
55	83	0	-0.144281969
149	26	0	0.026297506
43	62	0	0.178886856
136	33	0	-0.088676594
63	51	0	0.065412783
48	131	0	0.982683483
144	33	0	0.008250084
2	131	0	-0.322798162
39	10	0	0.260901438
27	137	0	0.367340628
46	72	0	-0.004136928
104	79	0	-0.068631459
108	52	0	-0.700273146
55	138	0	0.458441587
2	50	0	0.18973111
104	51	0	-0.192151981
118	101	0	0.143832643
101	19	0	-2.024777587
87	64	0	1.007507307
56	33	0	-0.293232527
3	49	0	0.419802731
66	21	0	0.730344244
146	110	0	1.819607256
149	35	0	0.641562858
132	45	0	0.116894407
23	131	0	-0.075579275
99	82	0	0.689039255
136	40	0	-0.148696499
45	146	0	-0.046747687
28	78	0	0.501309162
122	145	0	0.011930519
1	20	0	-0.094119715
106	46	0	-1.501327282
100	51	0	0.019036469
46	83	0	0.2481622
128	145	0	1.19540688
55	131	0	0.470643624
148	92	0	0.287492843
31	138	0	-0.398359855
133	91	0	2.774777755
66	110	0	-0.821348783
52	45	0	0.091206609
108	66	0	-0.255609297
23	43	0	0.073244072
6	33	0	-0.827767141
45	122	0	-0.125899897
13	81	0	0.452233451
144	128	0	0.073463156
146	105	0	-7.633738443
38	91	0	0.454916244
96	62	0	-0.250970446
4	95	0	0.437415966
63	33	0	-1.141809385
32	128	0	-0.36075267
124	49	0	0.180595022
144	31	0	0.02333951
53	123	0	0.921154783
54	123	0	0.015370862
57	120	0	-1.27600405
39	56	0	0.330761401
133	51	0	1.175831685
26	31	0	0.202536987
46	90	0	1.46130343
122	11	0	-0.100212749
112	45	0	0.394865883
138	17	0	0.114653828
122	122	0	0.507827003
23	32	0	0.08038677
28	45	0	0.480587256
31	32	0	-0.201953284
89	41	0	0.750139776
74	72	0	-0.082235307
40	56	0	-0.567332159
131	45	0	1.173857099
60	43	0	-4.225697902
23	145	0	0.046253508
8	1	0	0.251759826
45	132	0	0.403313771
121	51	0	-1.015606853
104	21	0	1.009410803
124	72	0	-0.032145899
72	62	0	1.018520146
93	45	0	0.420435924
39	49	0	0.011686321
115	64	0	-0.40556515
7	72	0	0.233515957
123	128	0	-0.176685245
126	143	0	20.39022546
55	145	0	0.771502559
2	31	0	-0.061346822
17	62	0	2.723031165
6	128	0	2.119128237
45	144	0	-2.370170883
52	51	0	-0.150789968
50	121	0	1.198358081
132	26	0	-0.519616893
28	91	0	-1.372792803
53	77	0	0.818786965
39	46	0	-0.475032203
48	62	0	0.745416559
122	29	0	0.029664187
83	128	0	5.818688092
128	17	0	0.29006998
35	66	0	0.195390779
128	21	0	-1.627001611
55	31	0	0.038888873
3	45	0	0.139961226
116	31	0	-0.038421705
45	101	0	-0.009996772
84	64	0	0.62216596
50	112	0	2.109996595
71	127	0	-4.343500206
22	138	0	0.495755418
28	82	0	-0.272639307
2	126	0	0.913407525
148	129	0	0.251940314
150	46	0	1.200826532
118	41	0	-3.312154178
83	121	0	0.465029175
128	125	0	-0.987740721
112	82	0	0.451880603
2	17	0	0.035555174
148	112	0	0.213547172
81	51	0	-0.153472314
27	27	0	0.927493735
138	10	0	0.323071063
35	75	0	-0.0561778
126	131	0	1.293604978
115	62	0	-0.057155722
102	17	0	0.175024371
3	83	0	1.215600012
112	40	0	0.039512288
40	45	0	0.315127598
39	79	0	-0.169570887
4	51	0	0.191062194
9	136	0	3.514396016
63	69	0	-0.46617254
29	85	0	0.792745149
140	120	0	1.720336336
34	128	0	-2.520777599
144	123	0	0.043678954
145	131	0	0.515676232
1	73	0	-0.167836019
2	121	0	0.710379845
150	33	0	-0.010978443
122	47	0	-0.025270243
33	131	0	0.488458908
125	50	0	-0.274813965
17	73	0	0.603705828
143	66	0	-3.234010915
19	80	0	0.233139705
149	59	0	0.320469289
122	140	0	1.263421749
101	57	0	8.221025654
13	29	0	0.055046501
141	40	0	-0.249298993
126	51	0	0.137803009
20	49	0	-0.463003664
116	109	0	0.524911385
6	4	0	-4.126551812
28	49	0	0.242007356
53	55	0	1.823814882
149	73	0	0.004234416
80	123	0	-0.394828276
68	31	0	0.759904863
16	45	0	0.929142333
90	44	0	-0.783436587
1	66	0	-0.31451128
147	31	0	0.108877124
46	121	0	0.07058381
104	128	0	0.053376943
13	133	0	0.025708136
143	75	0	-0.070747705
112	64	0	1.340702055
81	45	0	2.473023904
45	63	0	0.08638164
123	29	0	-0.110756072
141	33	0	-0.111503898
45	80	0	-0.108958755
28	8	0	1.524226129
138	143	0	0.902547733
32	75	0	-0.52728352
13	103	0	-0.281234635
149	82	0	0.126806227
150	64	0	-0.80229506
99	101	0	0.02812741
63	75	0	0.25283841
46	17	0	0.057194892
36	83	0	4.197973491
150	51	0	0.048302653
61	33	0	-2.480570538
138	84	0	-0.082287657
122	49	0	0.368752824
23	64	0	0.060496073
35	145	0	-0.084375599
108	62	0	0.740580768
45	56	0	-0.526810193
31	101	0	0.462868685
25	52	0	1.967935518
99	29	0	1.351906933
136	17	0	-0.268672323
45	73	0	0.003350553
50	20	0	0.037448178
1	35	0	0.866900844
39	122	0	0.770202669
149	91	0	0.24092479
29	32	0	0.054891777
72	72	0	0.269266124
143	40	0	3.631131517
147	45	0	1.116224701
134	110	0	-1.136513643
83	21	0	-1.516259926
88	72	0	-0.228612939
46	63	0	0.011260163
145	7	0	0.371764256
19	103	0	-0.124096047
148	20	0	0.187985536
98	33	0	-1.609373502
45	49	0	0.105065677
10	21	0	-4.923045398
72	145	0	-0.14950512
35	103	0	0.09519612
146	30	0	-0.466624072
55	120	0	-0.23406875
60	101	0	-0.155859419
149	100	0	0.018938736
48	121	0	-0.278205648
11	79	0	-0.316656309
72	79	0	-0.300228568
39	31	0	0.047884599
61	51	0	-0.564514476
137	72	0	0.27194747
80	84	0	1.428423324
122	132	0	-0.021127239
123	32	0	0.180638833
136	31	0	0.457134183
63	17	0	-0.188613837
28	21	0	0.036970077
102	52	0	-8.502235408
140	132	0	2.853848154
90	145	0	-2.878702643
74	128	0	6.885675408
95	95	0	4.143871175
26	47	0	0.243163507
135	78	0	-8.063408807
46	42	0	0.17127804
104	109	0	-0.258155731
33	55	0	0.801669371
112	29	0	0.052611284
58	41	0	-0.320560414
123	72	0	0.330011418
148	26	0	0.111283252
80	133	0	0.145805863
6	72	0	1.811900347
123	57	0	0.675179632
146	16	0	1.087710234
55	78	0	1.081302196
39	144	0	1.373656691
149	5	0	0.021843936
116	72	0	0.026962138
48	101	0	0.462260053
82	40	0	1.676218327
102	47	0	1.195402459
150	108	0	1.337171357
100	17	0	-0.113797414
28	131	0	-0.457176731
124	143	0	1.86174919
23	133	0	0.347439367
66	48	0	4.026159
15	121	0	-0.737019341
148	33	0	0.1479705
11	8	0	-1.511917836
13	51	0	0.032541889
141	126	0	-0.171468049
146	11	0	-0.124063784
3	101	0	0.203996256
50	56	0	0.695944156
53	29	0	2.991217109
129	114	0	3.204801391
150	103	0	0.494340226
26	49	0	0.467815009
2	38	0	0.07541535
22	45	0	1.401222712
9	40	0	-0.484779397
91	49	0	-0.552998431
19	131	0	0.02246589
148	40	0	-0.045489202
45	21	0	0.123052158
13	44	0	-0.012831213
107	145	0	3.285668756
132	49	0	0.135157946
122	133	0	-0.129880691
32	101	0	0.043017156
144	52	0	-0.164128452
71	60	0	0.893850329
72	40	0	-0.971542267
150	126	0	0.130235571
28	145	0	0.123996096
2	33	0	0.22627789
5	20	0	-0.171661885
27	43	0	0.554677542
138	122	0	0.112404194
122	103	0	-0.430736516
123	95	0	0.394708435
141	31	0	0.557285851
112	145	0	0.011755288
59	33	0	-0.974655812
23	31	0	0.056829952
84	31	0	0.007024785
54	25	0	-0.421367182
96	42	0	-1.380805031
149	16	0	0.22819428
8	102	0	0.251049592
134	145	0	0.140223875
29	101	0	0.021240601
2	137	0	0.156050967
117	73	0	0.189646155
43	73	0	0.096373462
7	103	0	-0.40742471
104	73	0	0.059731108
17	121	0	0.162607099
19	32	0	0.035842372
93	121	0	-0.276601872
149	51	0	0.036057983
97	126	0	6.40560362
98	100	0	0.429125743
29	109	0	-0.234786442
138	101	0	0.111564737
123	84	0	0.355273035
128	51	0	-0.100598583
19	145	0	0.006874412
148	62	0	0.347240402
6	52	0	1.829747553
82	125	0	0.374858792
45	7	0	-0.149210689
122	105	0	0.25329566
47	61	0	-2.098342583
35	49	0	-0.111906661
90	109	0	1.34459323
55	82	0	0.730019424
96	33	0	-0.891668285
43	49	0	0.371396872
8	109	0	-0.141889645
29	126	0	0.69739485
54	110	0	0.676164532
146	135	0	-5.2414451
149	138	0	0.033638748
46	73	0	0.265548157
36	103	0	0.196468716
2	51	0	-0.019444752
4	10	0	-0.114542554
29	128	0	0.127514644
123	109	0	-0.099695406
141	17	0	0.352210416
55	58	0	2.784510182
23	45	0	-0.011204408
84	45	0	0.636169186
50	77	0	-0.893933571
13	87	0	0.17022191
38	33	0	0.731779521
134	131	0	-0.381881618
45	145	0	0.422719029
72	49	0	-1.117306432
71	43	0	1.070496847
39	2	0	0.06634077
147	40	0	0.645349572
101	138	0	-0.486977668
46	80	0	0.04629182
140	45	0	-0.046267702
23	72	0	0.202723259
128	146	0	0.082413358
93	75	0	-0.173338358
106	126	0	2.749956347
9	68	0	15.3136914
47	51	0	-0.427768044
54	131	0	0.480431297
55	51	0	-0.147423552
45	121	0	-0.171468454
49	126	0	-0.048370123
13	80	0	0.014383572
149	43	0	0.013811809
132	21	0	-0.060120094
45	138	0	-0.023659756
139	77	0	4.18633667
14	17	0	-0.374538202
71	32	0	0.034966987
1	108	0	-3.003995205
133	50	0	-0.210644687
69	45	0	-3.849378478
46	91	0	0.052315942
123	138	0	0.076353506
125	45	0	-0.681252197
108	43	0	-0.088984137
71	84	0	0.955339284
2	5	0	0.141355628
148	100	0	0.022440073
100	138	0	2.634289809
137	128	0	-0.542454819
138	30	0	-0.696696959
29	146	0	-0.06112428
123	123	0	0.082540593
3	62	0	0.281157068
59	77	0	0.747925245
136	72	0	-0.025428509
13	73	0	0
149	52	0	-0.193233714
63	41	0	-0.045238098
90	73	0	-12.17692075
1	101	0	0.219081913
39	48	0	-1.56431226
26	103	0	1.439157029
123	131	0	0.040437097
118	79	0	4.154302178
138	25	0	0.013657998
49	31	0	-0.048447454
89	128	0	-0.468317271
35	92	0	-4.210268579
123	22	0	0.365084495
128	31	0	0.058646571
144	126	0	0.021748772
40	145	0	0.051351111
136	79	0	5.1328507
66	144	0	-4.006852367
89	49	0	-0.290492064
35	45	0	0.054504186
99	72	0	-0.084333691
7	51	0	-0.074643788
11	52	0	1.152832709
125	121	0	1.551430679
36	52	0	-31.24900538
115	72	0	-0.59412239
150	20	0	0.190857743
7	64	0	0.566772463
46	101	0	0.036487242
41	80	0	-1.133266626
150	135	0	0.086142213
134	77	0	0.685763045
9	30	0	34.38955587
31	128	0	-0.63951371
55	30	0	0.273670664
3	44	0	0.226036399
23	49	0	0.149363312
6	11	0	-0.219074744
45	100	0	-0.110893394
28	60	0	1.117826979
31	17	0	-0.405413313
38	77	0	1.813696581
21	11	0	-0.929929052
8	48	0	0.087728077
28	83	0	0.133782902
11	45	0	0.015279053
144	5	0	0.164922283
36	51	0	-1.349804828
93	62	0	0.527862853
39	38	0	-0.169239366
133	45	0	1.087873481
44	51	0	-0.115040666
122	37	0	0.138512066
123	145	0	0.471429666
27	62	0	0.391840251
35	74	0	1.219609134
91	121	0	0.605625078
23	78	0	0.162066928
84	72	0	0.530478564
139	24	0	1.122150216
32	62	0	-0.128457838
31	30	0	0.811507364
53	45	0	0.647599591
127	106	0	-7.657162392
75	112	0	-6.255939685
21	20	0	-0.548198906
149	103	0	0.098406804
8	55	0	-0.10624359
7	33	0	0.407168966
29	84	0	-0.025106719
33	17	0	0.158020359
1	72	0	0.138687399
78	78	0	6.047996062
118	33	0	-0.149283494
137	83	0	0.02304143
48	45	0	0.538741055
122	44	0	0.129649764
17	72	0	0.619477766
143	77	0	-0.069287573
76	32	0	7.183533451
13	26	0	0.022249854
150	145	0	-0.010953769
118	80	0	-0.05806254
21	21	0	4.710709322
12	146	0	-1.215440609
13	28	0	0.050572614
113	45	0	-1.535506681
96	99	0	0.870133268
23	71	0	0.772182974
138	133	0	0.370277379
13	109	0	0.111485873
149	72	0	0.067682372
150	78	0	3.070458923
11	91	0	-0.618957887
90	45	0	0.743823312
145	123	0	0.070541597
59	128	0	0.166901077
44	33	0	0.906427825
27	123	0	-0.038150174
10	145	0	-0.226808913
46	126	0	0.03803141
86	17	0	-6.300749029
71	146	0	0.201896579
58	133	0	1.4281066
41	75	0	4.424258532
101	33	0	-0.901683256
13	21	0	0.078183237
141	32	0	-1.514605037
91	119	0	4.723960669
146	45	0	-0.302131996
19	33	0	-0.296265583
106	79	0	5.660702603
90	133	0	0.621325346
84	137	0	-1.643975142
8	37	0	0.116830897
118	128	0	1.181599983
104	121	0	-0.207809386
73	84	0	-4.08484651
2	72	0	-0.027036021
61	32	0	0.222488508
26	66	0	-0.860845327
66	45	0	-0.85918607
122	62	0	-0.425741791
80	145	0	-0.041854268
45	55	0	-0.039289954
12	128	0	-0.467083461
52	31	0	0.118432513
45	72	0	0.073389932
50	21	0	0.251247368
110	75	0	1.389757642
93	145	0	0.276615021
8	44	0	0.307071096
100	101	0	0.137567477
63	115	0	-3.655192387
46	25	0	0.003988257
11	73	0	1.125331108
72	73	0	-1.770992346
1	83	0	0.138903053
115	45	0	0.318666545
9	51	0	1.144788256
15	109	0	-0.473048795
134	32	0	0.045694417
23	21	0	0.147905499
146	31	0	-0.044205162
149	44	0	0.147863078
28	31	0	0.03786197
143	131	0	0.549825517
114	49	0	0.941138684
115	133	0	1.288902252
2	79	0	-0.401428868
63	120	0	-0.075008424
46	32	0	-0.134464386
29	56	0	-0.09063464
103	17	0	-0.574352083
53	128	0	-0.361498702
83	29	0	-11.80455591
145	19	0	0.865064633
52	126	0	0.314760795
17	52	0	-5.509912785
80	143	0	3.34399525
45	41	0	-0.075638459
10	29	0	-5.977768537
87	25	0	0.079048954
1	131	0	0.247144231
126	133	0	-0.244945268
24	145	0	-2.501205463
28	22	0	0.685527868
14	33	0	0.528186587
71	80	0	0.03137182
4	31	0	0.224824934
65	31	0	-0.098587277
46	43	0	0.177791628
29	49	0	-0.062444159
69	138	0	2.496849407
23	138	0	0.20811747
144	95	0	0.20730193
61	75	0	-2.045628575
138	78	0	-0.518159912
36	25	0	1.664578646
17	45	0	1.00410141
112	109	0	0.039464377
5	73	0	0.298457885
123	56	0	0.059652416
72	128	0	0.222378698
35	20	0	0.466491432
99	51	0	0.214073575
136	7	0	0.318812121
63	25	0	-0.434023598
28	109	0	0.240158463
122	123	0	0.130633078
50	62	0	0.815764145
71	73	0	0.039070512
43	101	0	0.035942706
46	50	0	-0.004501052
68	123	0	0.329451294
93	109	0	1.25639629
118	31	0	0.103234609
137	121	0	0.141775876
66	49	0	0.511321685
123	64	0	-0.062144925
114	73	0	1.07296438
144	6	0	0.075644563
148	34	0	0.100602951
116	33	0	0.266403608
134	21	0	-0.081526523
45	27	0	0.089256178
102	84	0	6.197051763
123	49	0	0.133570025
13	50	0	-0.064612791
74	32	0	-0.639372023
3	100	0	-0.338731433
4	126	0	0.969693433
23	121	0	-0.154986359
8	121	0	-0.138166789
82	32	0	3.954344193
84	121	0	-0.060744744
144	62	0	0.353827312
39	25	0	-0.308832838
149	126	0	0.129627994
26	62	0	0.46553527
137	17	0	1.123353749
46	53	0	0.791669475
72	101	0	0.086622387
8	128	0	-0.10777029
52	75	0	-0.188014428
148	41	0	0.038692768
48	55	0	0.916109679
116	40	0	0
45	20	0	0.067063553
84	17	0	0
31	65	0	-5.063454271
35	2	0	1.54674535
4	101	0	0.354408198
132	50	0	0.134727598
99	33	0	-1.323432284
46	26	0	0.086798199
107	33	0	-0.537644052
96	131	0	-1.011291477
149	135	0	-0.060018239
50	131	0	0.133920573
69	101	0	0.671347297
2	62	0	0.343321106
138	123	0	0.006227799
101	112	0	-0.576747165
67	32	0	-9.969427486
45	131	0	0.180436224
70	31	0	-0.041285966
55	84	0	0.160270928
95	45	0	1.688153535
26	145	0	-0.076534466
50	43	0	0.198213694
144	44	0	0.064405967
149	128	0	-0.017838674
43	72	0	0.25990646
29	21	0	0.496676237
140	56	0	0.863258882
2	57	0	1.866587806
148	72	0	0.150631358
97	125	0	-0.741313276
83	62	0	-4.037918815
122	111	0	0.478628054
34	51	0	-0.200174175
132	145	0	-0.189576338
116	62	0	1.420254961
13	74	0	-0.081271793
149	24	0	0.043194467
40	128	0	0.343715784
48	133	0	0.333525287
124	61	0	-1.411330619
72	11	0	-0.396567716
71	45	0	-0.372570529
146	132	0	4.472608627
96	145	0	-0.251426865
149	137	0	0.038583732
46	78	0	-0.176525183
150	17	0	-0.169850978
30	132	0	-0.361914913
51	1	0	-5.870980746
112	49	0	-0.005422936
22	55	0	6.810632418
138	109	0	2.60642578
52	32	0	0.375750292
3	51	0	0.143315582
25	66	0	0.26714508
136	91	0	0.192942652
132	64	0	-0.450820804
129	44	0	-1.837320944
149	33	0	-0.18139195
8	21	0	0.524220989
63	58	0	-0.123550518
28	72	0	0.045688034
144	26	0	0.037227536
58	109	0	-2.540769408
149	146	0	-0.003282197
80	50	0	-0.052350985
44	72	0	-0.639811075
27	128	0	0.247032787
11	145	0	-0.21287564
140	46	0	2.996167143
108	45	0	0.516130114
54	17	0	-0.005895369
19	49	0	0.088796293
27	49	0	0.181092041
138	20	0	0.049551516
47	50	0	-0.55467422
123	101	0	-0.077964209
54	128	0	0.07917201
112	135	0	0.023111372
147	17	0	-0.015949014
6	39	0	1.10470319
136	66	0	0.663450701
121	77	0	-8.365523911
45	137	0	-0.122120107
29	79	0	0.03020258
124	51	0	0.308264796
144	17	0	0.044673885
1	99	0	-1.620170017
26	29	0	0.770699701
48	2	0	-1.604639265
12	24	0	-1.777275228
148	101	0	0.044106848
134	80	0	0.081992594
119	121	0	0.249882934
138	31	0	0.100166051
29	145	0	0.027072016
91	21	0	4.097202475
132	142	0	0.956648847
45	113	0	0.431905703
13	72	0	0.013196839
70	123	0	0.524298394
35	39	0	0.313493799
91	130	0	4.636115549
4	64	0	0.533360599
99	66	0	-1.233405938
29	72	0	0.144372214
72	32	0	-1.377120161
54	112	0	2.222849102
39	51	0	0.223415858
115	66	0	-2.517899278
80	32	0	0.945633843
122	16	0	-0.107898238
150	141	0	-0.738665008
149	77	0	-0.127018549
46	116	0	-0.135756458
28	38	0	0.152932818
32	33	0	0.198432822
31	43	0	0.588828467
92	11	0	-0.966910929
40	33	0	1.183735963
104	30	0	0.187531133
144	77	0	0.039361668
54	75	0	0.040501803
1	125	0	0.194899916
2	101	0	0.569736366
137	32	0	-0.10278172
145	32	0	0.015821472
147	123	0	0.644544293
104	20	0	-0.041226137
5	121	0	-0.401945521
29	103	0	1.113151584
27	4	0	0.133123096
148	121	0	-0.033784769
20	45	0	1.065113766
71	121	0	-0.061387511
113	131	0	-1.100511119
8	49	0	0.055707274
7	43	0	5.489641963
11	44	0	0.431822368
85	45	0	-2.197649559
70	132	0	-0.580173462
110	31	0	0.026303843
57	145	0	1.3879056
148	131	0	0.751876269
39	33	0	-0.990189613
150	44	0	-0.014284243
61	20	0	-0.457550741
44	44	0	-1.723693165
46	109	0	0.036242833
13	145	0	-0.018449107
108	17	0	0.03744053
73	49	0	3.386541086
19	77	0	-0.077697765
41	88	0	-28.90625769
81	49	0	-0.931219053
31	136	0	-1.258444129
141	45	0	0.095821863
146	56	0	-0.563715335
20	52	0	-2.541179302
132	123	0	0.100159237
23	73	0	-0.314371745
136	126	0	0.311690888
149	78	0	-0.045842018
99	121	0	-0.067712572
148	138	0	0.132859262
133	21	0	-1.218478501
27	101	0	-0.027336877
87	44	0	1.069629623
122	45	0	0.547180574
13	138	0	0.143359859
15	17	0	-1.147090654
112	75	0	-0.250455814
76	33	0	-0.318663282
138	51	0	0.061135401
13	27	0	0.302224927
126	49	0	0.086497542
70	2	0	15.44368266
146	51	0	-4.382784002
20	51	0	-0.158063859
8	80	0	0.063548581
64	29	0	2.052414667
24	48	-1	-81.63753743
146	134	-2	-59.7185933
21	56	-3	-58.45093803
47	68	-4	-43.76540085
139	28	-5	-37.85038509
30	75	-6	-30.29884957
