O	 D	 AMOEBA	 FlowValue
28	45	7	490.4961887
4	45	7	486.9159247
104	62	7	1708.126186
46	74	7	2411.03583
25	45	7	397.4093209
135	45	7	580.0027926
1	44	7	599.8930311
138	109	7	1172.234782
108	45	7	372.3474718
25	46	7	1135.255273
108	62	7	467.4871666
26	103	7	416.8820557
28	60	7	649.5491365
46	53	7	1219.318242
122	72	6	554.332555
122	4	6	423.5286452
45	126	6	1288.659794
50	125	6	1233.189461
13	64	6	1322.237365
13	121	6	775.4803268
13	137	6	478.0993711
145	94	6	601.5554505
13	99	6	1620.8129
2	105	6	2537.287089
149	113	6	1387.411553
122	10	6	446.2803056
45	95	6	573.8302394
122	122	6	707.749861
50	121	6	594.2933345
2	126	6	790.7685099
2	121	6	558.055936
149	91	6	612.3797399
45	121	6	1409.6348
149	126	6	622.364105
45	113	6	693.7057763
13	27	6	680.9547703
40	98	5	3399.974931
46	67	4	3613.006825
138	142	3	3896.956272
149	37	2	4547.209472
29	96	1	5094.516691
149	87	0	340.9187761
63	76	0	2808.74221
59	131	0	181.1298882
95	138	0	161.5048451
134	55	0	223.7380314
123	31	0	259.8202631
13	20	0	382.5711007
45	78	0	271.881615
13	101	0	204.7181513
71	100	0	428.4304523
104	122	0	337.0237433
123	20	0	81.71421567
23	84	0	215.8841381
32	68	0	502.9801574
1	82	0	327.7775046
123	45	0	182.5934717
13	123	0	254.8855395
46	33	0	911.0098878
124	123	0	70.02349989
16	20	0	51.99995543
79	91	0	120.8644223
26	85	0	635.0819256
108	131	0	452.8247206
26	45	0	272.1000756
29	91	0	330.3627544
124	114	0	806.8481234
2	82	0	289.5367958
144	5	0	222.090613
133	131	0	60.37662941
119	62	0	314.6548237
87	17	0	726.2117316
1	52	0	736.7387033
115	146	0	367.0765688
63	105	0	463.3306857
46	51	0	226.0743113
29	9	0	389.2312682
53	131	0	48.30130353
2	45	0	250.6184906
134	123	0	249.2836596
122	83	0	207.3035637
128	32	0	96.32565778
13	49	0	268.4680446
74	33	0	33.32963004
48	145	0	260.4953291
124	17	0	169.7358781
58	86	0	398.5016339
50	137	0	2231.130399
135	145	0	38.79717667
84	18	0	2555.571628
149	21	0	214.8264632
80	78	0	330.141961
72	62	0	278.6942724
27	45	0	322.2237737
150	123	0	207.2695597
146	138	0	798.0239407
148	49	0	508.8108655
4	109	0	418.6552792
25	145	0	429.5401703
29	20	0	25.99997771
4	131	0	36.22597765
66	27	0	53.75958713
122	108	0	1315.59164
52	90	0	77.60962359
148	56	0	267.2010688
147	128	0	338.0049464
53	118	0	2014.00211
146	133	0	65.16450417
137	11	0	220.5233755
125	25	0	24.57062827
4	138	0	399.0119704
87	50	0	173.3114268
38	39	0	527.1741816
149	32	0	183.0187498
45	143	0	184.5086535
149	145	0	509.9057506
133	55	0	304.0542479
122	126	0	212.3359888
123	100	0	77.0212049
81	101	0	62.21826166
45	119	0	285.3067047
35	33	0	216.6425953
32	131	0	108.6779329
71	34	0	528.7408415
122	22	0	314.4851877
112	32	0	313.0583878
91	20	0	802.2850266
131	119	0	2417.598919
6	31	0	38.76350699
46	134	0	563.6272545
31	45	0	297.1619246
4	96	0	1943.960316
23	146	0	325.3633224
63	43	0	175.5334461
11	49	0	12.7841926
80	33	0	27.7746917
137	62	0	899.0137819
134	72	0	227.2551087
52	62	0	260.7139967
56	57	0	733.1714246
43	142	0	205.1029617
126	108	0	1014.88498
4	72	0	211.3260124
132	5	0	203.5830619
148	133	0	369.2655236
64	145	0	155.1887067
102	130	0	570.8612559
63	138	0	750.5225157
35	71	0	528.7368477
146	62	0	35.96055128
44	45	0	110.9881887
23	72	0	223.0073497
4	62	0	269.7041346
140	123	0	86.82913986
90	32	0	105.9582236
104	80	0	239.8205883
9	30	0	2202.582274
122	42	0	461.6500692
113	82	0	65.55550093
53	17	0	182.6272106
89	10	0	290.6011292
115	33	0	88.87901344
46	124	0	57.0711106
122	53	0	742.1937126
13	130	0	620.5013651
128	78	0	77.68046142
148	1	0	231.1041915
45	60	0	649.5491365
90	131	0	36.22597765
110	49	0	25.5683852
41	33	0	216.6425953
12	51	0	39.71575737
126	32	0	130.0396381
146	34	0	151.0688118
140	145	0	16.62736143
46	31	0	256.677276
44	17	0	36.52544212
136	140	0	363.341625
138	45	0	300.7421888
148	7	0	259.6261384
108	133	0	267.8985171
146	29	0	214.9808584
3	128	0	272.0527617
140	31	0	30.38220817
82	51	0	281.0653599
58	45	0	28.64211322
12	33	0	49.99444506
62	49	0	17.89786964
126	82	0	633.7031756
146	20	0	178.2855615
77	33	0	588.8234641
8	77	0	48.18719763
82	44	0	115.6420301
135	75	0	59.04320487
122	73	0	1113.969283
123	77	0	327.6729439
51	79	0	408.1026935
45	32	0	626.1167756
139	52	0	884.086444
72	17	0	42.97110838
71	75	0	885.648073
46	42	0	263.8000396
135	64	0	40.59500681
93	107	0	1370.906321
83	45	0	272.1000756
6	70	0	259.7065316
13	48	0	281.8564948
8	123	0	168.0563997
11	61	0	594.4471641
80	72	0	13.80521689
79	49	0	40.90941632
138	126	0	285.5552952
39	131	0	96.60260706
64	79	0	723.4547748
63	9	0	518.9750243
50	46	0	527.6538591
39	16	0	279.2696026
80	79	0	352.4523262
47	33	0	33.32963004
123	80	0	311.118601
150	31	0	177.0549373
149	29	0	223.249353
136	62	0	413.5463397
124	32	0	28.89769734
11	101	0	216.7603955
84	33	0	105.5438285
74	91	0	354.5356389
8	16	0	64.44683136
29	123	0	70.02349988
100	48	0	630.8216788
29	75	0	560.9104462
149	47	0	246.5309573
43	43	0	589.792379
45	142	0	1394.700139
29	116	0	365.9078435
78	110	0	708.4770823
27	130	0	322.6607099
9	73	0	500.478953
32	21	0	373.7980459
13	77	0	202.38623
146	101	0	46.16193607
75	73	0	53.81494118
139	78	0	815.6448449
2	145	0	335.3184555
78	113	0	1433.658604
79	109	0	46.51725325
26	27	0	967.6725683
136	55	0	504.8447889
123	143	0	36.90173069
135	33	0	99.98889012
19	80	0	187.9674881
148	103	0	516.9337491
138	29	0	1513.134504
32	44	0	260.1945677
149	49	0	434.6625485
132	31	0	860.1307902
11	48	0	53.68695139
39	45	0	307.9027171
100	45	0	307.9027171
145	45	0	390.2487926
150	131	0	132.8285847
11	73	0	263.6932118
88	17	0	32.22833128
46	142	0	369.185331
116	131	0	54.33896647
9	130	0	595.6813105
2	99	0	872.7454077
148	134	0	1315.130261
133	33	0	66.65926008
134	64	0	313.1614811
27	6	0	322.5751685
102	18	0	385.7466609
141	131	0	66.41429236
71	123	0	243.6817797
91	146	0	66.74119433
118	45	0	146.7908302
16	66	0	176.0201836
95	123	0	72.82443988
71	112	0	202.5282274
146	73	0	107.6298824
40	17	0	25.78266503
99	123	0	42.01409993
100	75	0	339.498428
46	11	0	499.8529844
27	103	0	266.8045157
108	10	0	394.3872468
148	123	0	179.2601597
11	17	0	36.52544212
8	145	0	27.71226905
146	49	0	288.9227528
132	108	0	300.7066607
23	64	0	57.99286688
8	82	0	54.62958411
64	31	0	16.76259762
45	83	0	226.7382728
150	77	0	1185.405061
8	33	0	449.9500055
122	50	0	270.3658258
123	17	0	55.86244088
82	64	0	249.3693276
90	128	0	123.6603462
40	31	0	24.09623407
147	40	0	86.93762226
80	5	0	222.090613
81	137	0	98.07166587
30	109	0	223.2828156
13	11	0	389.5912967
126	33	0	11.10987668
149	103	0	250.1292334
131	45	0	21.48158491
81	130	0	99.28021842
138	91	0	1474.545953
23	11	0	220.5233755
52	114	0	403.4240617
141	79	0	1057.356979
55	116	0	470.4529416
63	20	0	37.14282531
71	84	0	394.7595668
115	134	0	563.6272545
63	101	0	30.10561048
46	39	0	411.8548294
26	83	0	58.30412728
148	31	0	536.4031237
10	24	0	131.7494126
124	29	0	297.665804
51	33	0	33.32963004
145	100	0	235.87744
93	17	0	81.64510591
128	43	0	126.3840812
148	38	0	311.0327769
45	31	0	292.2977959
26	131	0	132.8285847
8	36	0	445.3020632
46	49	0	240.3428209
145	93	0	454.1326067
19	17	0	412.5226404
122	81	0	2113.367047
148	45	0	454.6935473
59	23	0	430.7374225
23	5	0	296.1208173
123	50	0	83.18948485
146	7	0	319.5398626
39	133	0	246.1770158
4	121	0	485.5811392
104	48	0	241.5912812
50	52	0	564.8330059
144	49	0	201.9902431
57	94	0	429.6824647
149	123	0	243.6817796
80	73	0	48.43344706
99	138	0	47.50142504
46	56	0	278.3344467
144	64	0	57.9928669
128	138	0	1168.535056
22	33	0	688.8123542
23	2	0	406.4096609
49	86	0	1075.954411
87	33	0	83.3240751
135	32	0	144.4884867
48	138	0	199.5059852
144	40	0	149.0359239
26	4	0	244.3434492
97	121	0	155.8208133
100	146	0	800.894332
87	73	0	107.6298824
108	82	0	486.2032985
91	10	0	114.1647293
148	51	0	213.8540782
6	49	0	20.45470816
87	62	0	125.8619295
149	28	0	227.8942571
82	17	0	40.82255296
63	49	0	104.8303793
124	33	0	138.8734585
150	117	0	1955.070272
29	131	0	1279.984544
50	78	0	38.84023071
146	112	0	995.7637846
8	17	0	8.594221675
19	45	0	297.1619246
148	82	0	557.2217579
24	32	0	24.08141445
59	51	0	33.60564086
6	35	0	518.8644281
45	124	0	228.2844424
136	45	0	218.3961133
28	75	0	1608.927333
11	5	0	1369.55878
139	72	0	56.2828073
75	32	0	4.816282889
46	84	0	271.3972021
11	146	0	58.39854504
123	137	0	12.25895823
77	141	0	373.7541528
137	131	0	241.5065177
89	43	0	1137.456731
8	31	0	489.2583179
100	80	0	64.81637521
150	30	0	368.6330166
140	32	0	52.97911178
52	130	0	49.64010921
93	40	0	217.3440556
35	40	0	242.1833763
149	48	0	228.1695434
11	51	0	97.76186432
140	72	0	5.309698804
122	31	0	713.458061
28	33	0	77.76913676
28	80	0	375.9349762
85	33	0	49.99444506
93	33	0	61.10432174
150	40	0	366.3799795
137	37	0	235.9401141
46	105	0	353.0138558
4	95	0	356.7052839
23	77	0	221.6611091
40	43	0	400.2162572
4	49	0	268.4680446
63	91	0	16.11525631
144	121	0	318.8891063
1	75	0	369.0200304
8	131	0	102.64027
118	34	0	1737.291336
13	142	0	697.3500697
19	78	0	116.5206921
68	123	0	16.80563997
149	75	0	487.1064401
80	121	0	61.60357736
63	64	0	266.7671876
29	80	0	427.7880764
13	135	0	533.9377363
17	76	0	29.25773136
145	23	0	1234.780611
128	73	0	16.14448235
2	44	0	274.6498215
10	101	0	126.443564
146	46	0	943.381142
50	31	0	229.4380548
103	121	0	94.21723596
29	41	0	359.1783268
143	33	0	205.5327186
136	128	0	259.6867271
108	145	0	554.2453811
146	41	0	58.10237638
129	16	0	21.48227712
4	46	0	1007.339185
36	84	0	240.556611
84	131	0	169.0545624
104	140	0	642.8351826
17	62	0	242.7337211
45	51	0	201.6338452
83	128	0	362.7370157
13	10	0	321.7369645
108	136	0	696.7072543
45	68	0	226.3410708
4	21	0	339.4258118
46	29	0	752.4330045
104	100	0	231.0636147
36	83	0	712.6060001
9	55	0	200.790541
84	138	0	114.0034201
24	31	0	38.76350698
13	3	0	647.5596594
74	51	0	36.66069912
64	101	0	28.09856978
108	21	0	180.4542291
12	35	0	370.6174487
63	45	0	537.0396227
149	7	0	519.2522767
80	92	0	1241.163456
50	146	0	375.4192181
135	96	0	2078.026545
22	20	0	389.9996657
47	112	0	405.0564547
6	77	0	72.28079644
120	33	0	99.98889012
123	60	0	343.8789546
53	31	0	176.007275
143	2	0	2032.048305
27	80	0	369.4533387
97	133	0	282.3795181
107	44	0	93.95914945
95	72	0	88.14100011
29	31	0	187.5315608
87	32	0	77.06052623
29	15	0	359.4471703
63	11	0	632.1670097
29	103	0	1534.125965
87	145	0	99.76416859
110	114	0	365.6030559
46	64	0	579.9286688
148	77	0	404.7724601
27	46	0	239.8426632
128	49	0	48.57993189
148	60	0	318.4064395
116	51	0	223.019253
3	86	0	199.2508169
144	32	0	149.3047696
48	21	0	429.6529264
29	17	0	66.60521796
2	53	0	583.1522027
133	83	0	90.69530911
27	39	0	313.0096704
138	110	0	328.5690816
45	2	0	899.9071064
88	113	0	2173.611432
23	128	0	255.5647156
99	83	0	97.17354547
28	77	0	207.2049498
29	121	0	221.0481305
68	52	0	785.8546169
89	73	0	1512.199847
46	82	0	431.5737144
143	102	0	406.6804034
19	44	0	281.8774484
6	145	0	52.6533112
27	60	0	343.8789546
66	128	0	169.0024732
89	33	0	83.3240751
75	82	0	98.33325139
149	45	0	329.384302
137	49	0	20.45470816
47	62	0	1096.796814
52	43	0	365.109568
92	49	0	84.37567117
20	131	0	102.64027
149	54	0	337.8541435
32	134	0	563.6272545
7	73	0	43.05195294
11	138	0	218.5065552
140	33	0	294.411732
52	131	0	229.4311918
150	142	0	369.185331
6	131	0	132.8285847
118	73	0	48.43344706
141	62	0	215.7633077
23	62	0	575.3688204
45	109	0	1237.358936
136	6	0	305.5975281
139	121	0	50.73235782
124	70	0	1090.767433
90	82	0	742.9623438
145	146	0	225.2515309
2	102	0	189.7841883
43	131	0	1044.515689
46	140	0	475.139048
13	125	0	483.276951
29	93	0	1362.39782
103	75	0	280.4552231
19	72	0	184.7775183
74	21	0	223.4195217
6	12	0	1709.662647
40	44	0	72.27626881
7	39	0	378.9064431
44	40	0	93.14745242
137	45	0	57.28422643
23	80	0	246.3022258
3	24	0	175.6658835
136	98	0	344.6979193
32	51	0	311.6159425
57	45	0	50.12369813
149	31	0	529.0694873
12	56	0	1647.739924
149	58	0	432.7755338
13	23	0	717.8957042
55	107	0	304.6458492
110	45	0	21.48158491
118	61	0	209.8048815
45	57	0	366.5857123
108	146	0	225.2515309
13	97	0	253.2928065
29	33	0	888.7901344
140	100	0	67.39355429
137	64	0	69.59144025
108	137	0	600.6889535
146	33	0	372.1808688
149	101	0	309.0842676
90	56	0	278.3344467
103	100	0	14.44147592
81	17	0	45.11966379
123	33	0	705.4771693
116	64	0	382.7529214
136	30	0	156.6690321
1	62	0	251.7238589
123	73	0	139.9188471
123	38	0	429.5214539
63	31	0	181.2455866
112	82	0	213.055378
124	31	0	66.00272811
4	4	0	1009.952923
66	51	0	18.33034956
34	40	0	155.245754
128	45	0	103.8276604
148	32	0	19.26513156
122	51	0	271.9001851
80	84	0	283.7334386
137	19	0	513.5092432
36	73	0	274.4562
19	128	0	214.3446002
82	138	0	180.5054152
123	52	0	171.9056974
122	132	0	294.4467346
90	109	0	297.7104208
149	121	0	315.2653663
51	49	0	102.2735408
137	101	0	46.16193607
52	80	0	395.3798888
63	10	0	83.02889406
1	26	0	217.2387287
46	65	0	1207.557892
104	72	0	280.3520968
128	131	0	259.6195065
19	33	0	272.1919786
19	142	0	533.2677004
25	123	0	238.0798996
32	3	0	647.5596594
23	138	0	199.5059852
136	33	0	27.7746917
48	131	0	319.9961359
55	138	0	408.5122553
118	101	0	16.05632559
87	64	0	156.5807406
146	110	0	215.6234598
149	35	0	1630.716774
23	131	0	416.598743
28	78	0	291.3017303
46	83	0	382.2159455
128	145	0	363.0307246
55	131	0	307.9208101
148	92	0	431.7090281
133	91	0	136.9796787
13	81	0	1018.944826
144	128	0	272.0527618
38	91	0	24.17288447
149	44	0	375.8365978
124	49	0	17.89786964
144	31	0	321.6323418
53	123	0	168.0563997
54	123	0	5.601879991
46	90	0	2250.679084
46	131	0	102.64027
89	41	0	26.41017109
8	1	0	231.1041915
45	132	0	647.7828161
104	21	0	545.6592165
7	72	0	19.11491569
126	143	0	1808.184804
6	128	0	284.4187964
145	145	0	257.7241022
48	62	0	242.7337211
53	33	0	105.5438285
128	17	0	88.09077217
35	66	0	102.6784405
45	101	0	347.2180409
84	64	0	185.577174
50	112	0	1046.395841
22	138	0	38.00114003
28	82	0	240.3701701
148	129	0	2742.835524
150	46	0	607.6014135
19	75	0	413.3024341
148	112	0	320.6696933
27	27	0	340.4773851
40	45	0	68.02501889
21	21	0	223.4195217
9	136	0	300.120048
29	85	0	973.7922859
140	120	0	266.2444124
145	131	0	470.9377094
33	131	0	66.41429236
149	59	0	814.5649937
29	101	0	26.09152908
101	57	0	962.2874948
126	51	0	12.22023304
53	55	0	390.1073369
46	121	0	409.4826023
112	64	0	632.122249
29	59	0	357.2653481
28	8	0	885.7003676
138	143	0	405.9190376
149	82	0	382.4070887
99	101	0	6.021122096
63	75	0	118.0864097
122	49	0	585.5160212
25	52	0	540.2750491
99	29	0	289.3973094
1	35	0	444.7409384
39	122	0	337.0237433
143	40	0	757.5992797
2	66	0	894.7692669
145	7	0	339.511104
148	20	0	282.2854723
45	49	0	258.2406905
70	59	0	557.3339431
126	36	0	247.3900351
143	49	0	15.34103112
123	32	0	178.2024669
136	31	0	187.5315609
63	17	0	100.9821047
140	132	0	441.6701019
90	145	0	191.2146565
74	128	0	622.4237428
95	95	0	635.8659408
48	112	0	303.7923411
123	72	0	275.0423979
80	133	0	28.96200185
6	72	0	306.9005907
123	57	0	504.0553544
146	16	0	128.8936627
55	78	0	291.3017303
39	144	0	601.0819475
82	40	0	149.0359239
150	108	0	676.5899865
124	143	0	184.5086535
23	133	0	333.0630213
66	48	0	402.6521354
148	33	0	299.9666704
13	51	0	284.1204182
87	44	0	166.2354183
39	137	0	576.171037
50	56	0	345.1347139
53	29	0	545.7206406
129	114	0	176.498027
150	103	0	250.1292334
19	131	0	265.6571694
45	21	0	262.088285
107	145	0	166.2736144
71	60	0	369.3514698
123	95	0	294.6695823
59	33	0	22.21975335
149	16	0	580.0214823
8	102	0	230.4522286
122	140	0	1760.809413
136	51	0	391.0474573
4	64	0	434.9465016
97	126	0	431.9939082
123	84	0	265.2290839
148	62	0	521.4279935
6	52	0	245.5795678
29	128	0	408.0791427
55	82	0	196.6665028
29	126	0	1083.645736
54	110	0	246.4268112
46	73	0	408.993553
122	105	0	353.0138558
55	58	0	750.1442585
13	87	0	383.5336231
38	33	0	38.88456838
134	131	0	24.15065176
45	145	0	756.5449451
72	49	0	56.25044743
71	43	0	442.3442843
39	2	0	29.0292615
128	146	0	33.37059717
93	75	0	88.56480729
118	125	0	199.9766694
54	131	0	175.0922253
139	77	0	163.8364719
123	138	0	57.00171005
100	138	0	931.0279309
137	128	0	61.83017311
122	123	0	182.0610997
123	123	0	103.6347798
45	131	0	585.6533053
90	73	0	145.3003412
123	131	0	114.7155959
118	79	0	463.7530608
123	22	0	272.5538294
40	145	0	16.62736143
136	79	0	1929.212733
11	52	0	270.1375246
7	64	0	46.3942935
134	77	0	216.8423893
8	48	0	80.53042708
28	83	0	77.73883638
11	45	0	14.32105661
122	37	0	193.0419115
123	145	0	351.945817
9	68	0	980.811307
35	74	0	640.9082586
91	121	0	282.6517079
23	78	0	155.3609228
139	24	0	43.91647087
7	33	0	33.32963004
33	17	0	21.48555419
78	78	0	330.141961
137	83	0	25.91294546
145	19	0	790.0142203
76	32	0	125.2233551
13	28	0	113.9471285
96	99	0	124.6779154
23	71	0	740.2315867
13	109	0	251.1931675
149	72	0	280.3520968
150	78	0	1553.609228
29	45	0	322.2237737
90	45	0	164.692151
59	128	0	24.73206925
44	33	0	72.21419842
46	126	0	607.7202436
41	75	0	177.1296146
91	119	0	480.5165553
106	79	0	241.1515916
8	37	0	107.2455064
118	128	0	131.9043693
61	32	0	14.44884867
45	55	0	195.0536684
45	72	0	218.7595906
110	75	0	221.4120182
8	44	0	281.8774484
100	101	0	44.15489537
29	63	0	190.7701913
1	83	0	71.26060001
115	45	0	50.12369813
9	51	0	82.48657302
136	138	0	247.0074102
143	131	0	114.7155959
115	133	0	202.734013
52	126	0	197.6921275
80	143	0	664.2311524
63	131	0	211.318203
1	131	0	126.7909218
28	22	0	398.3479045
14	33	0	33.32963004
4	31	0	199.0558467
46	43	0	273.832176
29	49	0	138.0692801
69	138	0	104.5031351
144	95	0	279.160657
36	25	0	282.5622251
143	140	0	419.2403365
135	2	0	116.117046
72	128	0	41.22011542
35	20	0	245.142647
8	114	0	1122.023172
136	7	0	119.8274485
29	146	0	50.05589575
50	62	0	404.5562018
11	44	0	101.1867763
93	109	0	213.9793649
148	34	0	151.0688118
82	145	0	88.67926097
102	84	0	931.3858528
123	49	0	163.6376653
96	29	0	818.580961
4	126	0	790.7685098
82	32	0	351.5886509
144	62	0	988.9151601
26	62	0	206.7731699
137	17	0	388.8885308
72	101	0	126.443564
48	55	0	298.3173753
35	2	0	812.8193219
4	101	0	289.0138606
50	131	0	66.41429236
2	62	0	269.7041346
95	45	0	214.8158491
144	44	0	86.73152257
29	21	0	610.1071554
2	57	0	1466.342849
148	72	0	290.9714944
149	122	0	219.0654332
122	111	0	667.0557825
116	62	0	503.4477179
149	24	0	109.7911772
33	122	0	202.214246
146	132	0	530.0041223
47	68	0	226.3410709
22	55	0	522.0554067
52	32	0	284.1606905
136	91	0	72.51865341
149	33	0	449.9500055
8	21	0	515.5835116
140	46	0	463.6958155
126	131	0	458.8623836
54	128	0	28.85408079
6	39	0	148.2677386
136	66	0	249.3619268
65	93	0	1998.18347
29	79	0	426.6528159
26	29	0	223.249353
29	145	0	246.6391945
91	21	0	416.7633386
132	142	0	615.3088851
91	130	0	471.5810375
29	72	0	252.741663
54	112	0	810.1129095
32	33	0	216.6425953
40	33	0	255.5271636
2	101	0	447.5700758
122	142	0	246.123554
8	49	0	112.5008949
7	43	0	449.3656221
57	145	0	91.45048787
148	131	0	1129.04297
73	49	0	25.5683852
40	128	0	74.19620775
148	138	0	199.5059852
122	45	0	902.2265663
13	138	0	323.0096903
126	49	0	7.670515561
70	2	0	1567.580121
146	51	0	345.2215834
1	64	-1	191.3764607
147	33	-1	27.7746917
148	145	-1	166.2736144
13	131	-1	60.37662941
19	91	-1	40.28814078
52	17	-1	195.5185431
149	80	-1	51.85310017
43	120	-1	98.09004666
150	49	-1	92.04618673
71	33	-1	94.43395178
138	82	-1	120.185085
104	137	-1	36.7768747
108	126	-1	36.60965323
38	31	-1	1.047662351
110	72	-1	14.86715665
46	30	-1	46.07912708
27	72	-1	109.3797953
138	44	-1	7.227626881
102	51	-1	97.76186432
70	72	-1	19.11491569
145	109	-1	130.2483091
148	29	-1	99.22193466
13	63	-1	104.056468
1	51	-1	42.77081564
112	31	-1	39.81116934
30	49	-1	20.45470816
5	72	-1	37.16789162
45	33	-1	16.66481502
31	82	-1	158.4257939
55	72	-1	83.89324109
95	49	-1	7.670515561
112	22	-1	41.93135837
59	21	-1	150.3785242
25	101	-1	8.028162795
25	20	-1	22.28569518
150	101	-1	76.26754655
145	80	-1	77.77965025
55	41	-1	58.10237639
25	31	-1	152.9587032
99	32	-1	48.16282889
122	131	-1	78.48961824
50	49	-1	28.12522372
39	17	-1	42.97110838
145	73	-1	166.8263177
122	101	-1	34.11969188
135	31	-1	39.81116934
144	45	-1	82.3460755
1	31	-1	40.85883168
35	17	-1	66.60521799
100	33	-1	16.66481502
148	73	-1	123.7743647
50	80	-1	12.96327504
35	51	-1	149.6978547
132	33	-1	55.5493834
23	135	-1	21.79337699
46	79	-1	185.5012243
145	59	-1	214.3592089
2	49	-1	89.4893482
148	80	-1	19.44491256
52	33	-1	22.21975336
59	49	-1	25.5683852
32	29	-1	24.80548367
28	73	-1	193.7337882
138	21	-1	51.55835116
91	31	-1	9.428961159
100	145	-1	16.62736143
144	131	-1	84.52728118
3	72	-1	58.40668682
149	41	-1	184.8711976
28	64	-1	150.7814539
52	128	-1	41.22011542
2	3	-1	47.96738218
122	121	-1	83.34601641
70	120	-1	70.06431904
149	50	-1	162.9127412
39	50	-1	3.466228535
122	17	-1	195.5185431
46	137	-1	61.29479117
43	31	-1	27.23922113
32	145	-1	152.4174798
2	98	-1	47.00426172
48	49	-1	23.01154669
128	121	-1	21.74243907
53	77	-1	149.3803126
141	51	-1	33.60564086
28	62	-1	188.7928942
138	145	-1	138.5613453
71	120	-1	84.07718285
148	140	-1	139.7467788
80	31	-1	23.04857172
132	100	-1	77.0212049
45	91	-1	153.094935
39	72	-1	97.69845796
132	11	-1	124.9632461
48	80	-1	116.6694754
145	128	-1	70.07419621
145	17	-1	40.82255296
13	26	-1	50.1320143
49	145	-1	27.71226905
145	121	-1	72.47479689
148	146	-1	66.74119433
31	121	-1	18.11869922
45	77	-1	110.8305545
13	100	-1	33.69677714
3	146	-1	100.1117915
104	138	-1	152.0045601
138	146	-1	41.71324646
4	43	-1	140.4267569
56	133	-1	57.92400371
141	80	-1	84.26128777
135	82	-1	21.85183364
26	82	-1	38.24070887
27	64	-1	52.19358019
83	31	-1	18.85792232
35	128	-1	41.22011542
148	30	-1	193.5323337
23	101	-1	18.06336629
71	82	-1	43.70366728
1	50	-1	38.12851389
39	101	-1	64.22530236
145	101	-1	54.19009887
13	55	-1	5.7368726
116	82	-1	142.0369187
114	33	-1	38.88456838
144	72	-1	124.246952
141	123	-1	39.21315994
35	31	-1	23.04857172
23	123	-1	170.8573397
71	64	-1	69.59144025
115	11	-1	124.9632461
122	91	-1	80.57628157
5	73	-1	32.28896471
148	43	-1	133.4054191
102	77	-1	62.64335691
35	101	-1	50.17601745
145	72	-1	24.42461449
147	83	-1	32.39118182
4	133	-1	57.92400371
27	44	-1	108.4144032
138	121	-1	65.2273172
55	33	-1	177.7580269
116	49	-1	61.36412449
45	11	-1	117.6124669
31	72	-1	25.48655425
48	31	-1	30.38220818
125	31	-1	10.47662351
122	109	-1	18.6069013
34	49	-1	15.34103112
108	72	-1	82.83130131
55	62	-1	179.8027564
23	17	-1	68.7537734
31	49	-1	25.5683852
43	50	-1	83.18948485
50	32	-1	62.61167756
140	49	-1	46.02309337
112	51	-1	91.6517478
134	100	-1	62.57972898
50	72	-1	31.85819281
53	126	-1	58.57544517
145	51	-1	158.8630295
35	83	-1	181.3906182
96	49	-1	28.12522372
149	40	-1	18.62949048
45	135	-1	76.27681947
70	145	-1	33.25472287
112	33	-1	161.0932119
87	82	-1	27.31479205
56	51	-1	116.0922139
46	135	-1	87.17350797
84	62	-1	206.7731698
13	70	-1	103.8826126
70	121	-1	123.2071547
45	128	-1	107.1723
148	110	-1	154.016757
4	73	-1	166.8263177
13	56	-1	22.26675573
135	123	-1	16.80563997
1	115	-1	63.22711179
115	77	-1	24.09359881
122	25	-1	73.71188481
32	31	-1	55.5261046
81	62	-1	215.7633077
136	121	-1	21.74243907
46	145	-1	119.1627569
36	62	-1	134.8520673
2	122	-1	151.6606845
122	32	-1	173.386184
145	31	-1	118.3858457
136	145	-1	135.7901183
27	31	-1	49.2401305
32	49	-1	143.1829571
39	75	-1	44.28240365
116	145	-1	41.56840358
145	135	-1	65.38013098
97	49	-1	10.22735408
134	32	-1	14.44884867
52	101	-1	64.22530236
128	72	-1	41.41565065
27	20	-1	96.5713458
138	49	-1	79.26199413
32	72	-1	94.51263867
39	64	-1	92.788587
48	72	-1	31.85819281
144	118	-1	95.90486238
145	120	-1	56.05145524
15	49	-1	15.34103112
46	21	-1	51.55835116
23	86	-1	159.4006535
45	63	-1	138.7419573
148	16	-1	64.44683136
2	10	-1	93.40750581
102	49	-1	51.13677041
80	100	-1	19.25530123
26	32	-1	86.69309201
48	123	-1	39.21315994
141	72	-1	38.22983138
3	123	-1	72.82443988
112	17	-1	34.3768867
108	101	-1	154.5421338
19	121	-1	123.2071547
23	125	-1	99.98833469
100	29	-1	181.9068802
144	73	-1	32.28896471
19	126	-1	80.54123711
84	21	-1	73.04099748
116	83	-1	155.4776728
136	49	-1	58.80728596
28	103	-1	150.0775401
19	135	-1	87.17350797
131	20	-1	44.57139037
45	17	-1	19.33699877
134	146	-1	83.42649292
104	55	-1	166.3693054
32	121	-1	50.73235783
19	31	-1	165.5306515
147	82	-1	142.0369187
116	50	-1	17.33114268
13	33	-1	111.0987668
2	133	-1	79.6455051
108	73	-1	59.1964353
141	101	-1	44.15489537
63	62	-1	161.8224807
80	62	-1	161.8224807
100	49	-1	10.22735408
108	49	-1	81.81883265
108	64	-1	75.39072693
50	73	-1	48.43344706
108	40	-1	149.0359238
31	145	-1	74.82312644
59	72	-1	16.99103617
25	72	-1	22.30073497
149	55	-1	40.1581082
132	17	-1	10.74277709
87	123	-1	81.22725987
52	49	-1	79.26199413
132	137	-1	134.8485406
50	123	-1	33.61127995
1	121	-1	32.6136586
147	45	-1	150.3710944
145	44	-1	101.1867763
19	64	-1	23.19714676
150	128	-1	20.61005771
35	64	-1	46.3942935
99	51	-1	45.8258739
53	72	-1	49.91116874
19	73	-1	43.05195294
141	49	-1	25.5683852
49	101	-1	182.6407036
31	29	-1	24.80548367
100	77	-1	57.82463716
71	11	-1	132.3140253
2	123	-1	8.402819986
122	33	-1	172.2030885
150	146	-1	125.1397394
13	31	-1	201.1511714
13	112	-1	16.87735228
46	123	-1	39.21315994
122	40	-1	149.0359239
148	4	-1	97.73737966
149	19	-1	39.50071101
138	62	-1	35.96055128
132	109	-1	27.91035195
4	39	-1	82.37096588
48	73	-1	37.67045883
2	77	-1	106.0118348
104	133	-1	57.92400371
13	17	-1	49.41677463
45	75	-1	177.1296146
1	45	-1	50.12369812
48	64	-1	34.79572013
104	125	-1	116.6530571
148	10	-1	72.6502823
134	45	-1	39.38290567
50	17	-1	116.0219926
80	110	-1	164.2845408
144	101	-1	150.5280524
26	73	-1	16.14448235
148	17	-1	47.26821921
45	44	-1	151.7801645
138	43	-1	196.5974597
84	145	-1	11.08490762
134	31	-1	106.8615598
27	91	-1	56.4033971
132	72	-1	6.371638562
26	51	-1	27.49552434
2	40	-1	167.6654144
5	45	-1	50.12369812
116	45	-1	82.34607549
27	126	-1	117.1508903
141	121	-1	21.74243907
1	145	-1	96.99294169
104	49	-1	122.728249
39	21	-1	120.3028194
50	44	-1	130.0972839
149	131	-1	169.0545624
5	31	-1	7.333636457
87	72	-1	20.17685544
50	84	-1	111.0261281
144	145	-1	216.1556986
35	15	-1	53.91707554
48	17	-1	38.67399754
144	136	-1	160.7785972
149	36	-1	148.4340211
108	50	-1	58.9258851
101	29	-1	66.14795644
45	123	-1	162.4545197
145	49	-1	63.920963
104	126	-1	58.57544517
31	33	-1	99.98889012
45	133	-1	50.68350324
104	20	-1	3.71428253
144	21	-1	128.8958779
71	31	-1	7.333636457
80	45	-1	125.3092453
108	32	-1	154.1210525
66	146	-1	41.71324646
32	46	-1	175.8846197
149	63	-1	34.68548933
108	31	-1	122.576495
4	75	-1	147.6080122
36	49	-1	38.3525778
148	128	-1	82.44023083
122	39	-1	98.84515906
52	145	-1	80.36558026
101	49	-1	107.3872179
35	72	-1	45.66340971
116	101	-1	46.16193607
150	32	-1	105.9582236
28	32	-1	183.0187498
27	17	-1	27.93122044
145	133	-1	50.68350324
138	72	-1	74.33578323
27	121	-1	50.73235782
122	41	-1	100.3586501
53	49	-1	20.45470816
150	50	-1	128.2504558
5	80	-1	12.96327504
52	29	-1	24.80548367
116	114	-1	151.2840231
148	11	-1	66.15701264
45	50	-1	155.9802841
3	101	-1	26.09152908
55	121	-1	123.2071547
116	121	-1	50.73235782
32	73	-1	48.43344706
104	101	-1	40.14081397
87	31	-1	36.66818228
108	128	-1	136.0263809
28	20	-1	59.42852049
35	103	-1	50.02584669
138	64	-1	40.59500681
122	77	-1	86.73695573
52	123	-1	36.41221994
45	36	-1	49.47800703
141	77	-1	53.00591739
46	44	-1	28.91050752
19	123	-1	14.00469998
39	31	-1	20.95324702
100	31	-1	78.57467632
145	83	-1	84.21707274
4	146	-1	125.1397394
102	73	-1	53.81494118
13	45	-1	85.92633965
38	63	-1	104.056468
4	123	-1	30.81033995
117	73	-1	10.76298824
28	97	-1	108.5540599
39	20	-1	70.57136808
145	84	-1	135.6986011
1	17	-1	12.89133251
2	32	-1	33.71398022
31	123	-1	44.81503993
149	17	-1	161.1416564
50	45	-1	103.8276604
68	45	-1	164.692151
27	33	-1	38.88456838
52	95	-1	108.5624777
13	95	-1	139.5803285
144	146	-1	58.39854504
149	26	-1	66.84268574
144	33	-1	183.3129652
39	10	-1	114.1647293
27	137	-1	134.8485406
46	72	-1	52.03504826
2	50	-1	149.047827
3	49	-1	53.69360893
132	45	-1	75.18554719
99	82	-1	174.8146692
122	145	-1	30.48349596
100	51	-1	61.1011652
52	45	-1	143.2105661
23	43	-1	70.21337846
46	63	-1	17.34274466
32	128	-1	53.58615003
39	56	-1	144.7339123
26	31	-1	58.66909166
112	45	-1	186.1737359
138	17	-1	51.56533005
23	32	-1	77.06052623
23	145	-1	44.33963048
90	72	-1	42.47759042
39	49	-1	51.13677041
55	145	-1	207.8420179
2	31	-1	60.76441636
108	121	-1	39.86113829
52	51	-1	33.60564086
122	29	-1	41.34247278
55	31	-1	10.47662351
3	45	-1	17.90132076
83	121	-1	28.98991876
2	17	-1	27.93122044
138	10	-1	145.3005646
102	17	-1	25.78266503
112	40	-1	18.62949048
4	51	-1	155.8079713
104	26	-1	167.1067143
144	123	-1	58.8197399
150	33	-1	11.10987668
112	73	-1	16.14448235
13	29	-1	124.0274183
116	109	-1	186.069013
28	49	-1	140.6261186
149	73	-1	10.76298824
150	73	-1	96.86689412
68	31	-1	38.76350699
147	31	-1	14.66727291
104	128	-1	57.70816158
13	133	-1	57.92400371
81	45	-1	196.9145284
45	80	-1	25.92655009
46	17	-1	96.68499385
150	51	-1	24.44046608
35	145	-1	30.48349596
31	101	-1	110.3872384
45	73	-1	5.381494118
50	20	-1	18.57141265
149	100	-1	48.13825306
48	121	-1	47.10861798
27	62	-1	143.8422051
28	21	-1	21.48264632
26	47	-1	70.43741636
112	29	-1	24.80548367
148	26	-1	167.1067143
149	5	-1	55.52265324
116	72	-1	9.557457844
48	101	-1	150.5280524
102	47	-1	176.0935409
26	49	-1	135.5124416
2	38	-1	59.24433846
22	45	-1	107.4079246
27	82	-1	76.48141775
132	49	-1	112.5008949
104	51	-1	15.27529129
32	101	-1	24.08448839
150	126	-1	65.89737582
28	145	-1	72.05189954
2	33	-1	177.7580269
27	43	-1	203.6187975
138	122	-1	50.5535615
141	31	-1	166.5783138
112	145	-1	5.542453811
23	31	-1	73.33636457
84	31	-1	37.71584464
3	83	-1	155.4776728
134	145	-1	44.33963048
2	137	-1	122.5895823
43	73	-1	48.43344706
104	73	-1	32.28896471
19	32	-1	105.9582236
138	101	-1	50.17601747
19	145	-1	16.62736143
35	49	-1	61.36412449
144	51	-1	134.4225634
43	49	-1	186.649212
149	138	-1	85.50256508
36	103	-1	33.35056446
2	51	-1	116.0922139
141	17	-1	105.2792155
23	45	-1	189.7540001
84	45	-1	189.7540001
46	80	-1	123.1511129
55	51	-1	33.60564086
13	80	-1	32.4081876
149	43	-1	35.10668923
71	32	-1	14.44884867
46	91	-1	80.57628157
108	43	-1	70.21337846
2	5	-1	111.0453065
148	100	-1	33.69677714
3	62	-1	35.96055128
59	77	-1	110.8305545
136	72	-1	6.371638563
1	101	-1	112.3942791
138	25	-1	6.142657068
128	31	-1	31.42987054
144	126	-1	29.28772259
35	45	-1	71.60528305
150	20	-1	96.5713458
46	101	-1	110.3872384
150	135	-1	43.58675399
55	30	-1	73.72660332
3	44	-1	28.91050752
23	49	-1	191.762889
31	17	-1	32.22833128
38	77	-1	96.37439525
133	45	-1	53.70396228
84	72	-1	158.2290243
31	30	-1	193.5323337
53	45	-1	118.148717
1	72	-1	71.14996395
48	45	-1	200.4947925
122	44	-1	180.690672
150	145	-1	22.16981524
45	30	-1	36.86330166
138	133	-1	166.5315107
145	123	-1	70.02349989
71	146	-1	83.42649292
58	133	-1	94.12650602
13	21	-1	176.1576998
90	133	-1	137.5695088
104	121	-1	43.48487814
2	72	-1	126.3708315
52	31	-1	74.38402692
50	21	-1	124.5993486
46	25	-1	6.142657068
23	21	-1	141.7854657
28	31	-1	22.00090937
114	49	-1	61.36412449
83	29	-1	57.87946189
87	25	-1	12.28531414
71	80	-1	12.96327504
43	62	-1	89.90137819
112	109	-1	18.6069013
28	109	-1	139.5517597
71	73	-1	48.43344705
43	101	-1	18.06336629
46	50	-1	24.26359975
50	145	-1	105.3066224
66	49	-1	51.13677041
114	73	-1	69.95942353
116	33	-1	94.43395178
45	27	-1	143.358899
23	121	-1	21.74243906
148	41	-1	58.10237639
45	20	-1	107.7141934
132	50	-1	86.65571338
46	26	-1	133.6853715
138	123	-1	2.800939995
70	31	-1	14.66727291
55	84	-1	43.17682761
50	43	-1	98.29872984
149	128	-1	90.68425392
43	72	-1	130.6185905
48	133	-1	108.607507
71	45	-1	68.02501887
39	4	-1	32.57912655
149	137	-1	98.07166587
112	49	-1	23.01154668
66	21	-1	73.04099748
3	51	-1	18.33034956
25	66	-1	73.34174319
28	72	-1	29.73431329
144	26	-1	50.1320143
149	146	-1	58.39854504
27	128	-1	90.68425392
19	49	-1	71.59147857
27	49	-1	79.26199413
138	20	-1	22.28569518
112	135	-1	10.8966885
144	17	-1	60.15955173
148	101	-1	68.23938376
134	80	-1	25.92655008
138	31	-1	116.290521
13	72	-1	79.64548203
70	123	-1	53.21785991
35	39	-1	164.7419318
149	51	-1	155.8079713
39	51	-1	122.2023304
80	32	-1	187.8350327
28	38	-1	88.86650769
31	43	-1	140.4267569
104	30	-1	101.3740796
144	77	-1	53.00591739
1	125	-1	99.98833469
145	32	-1	14.44884867
147	123	-1	86.82913986
27	4	-1	48.86868983
71	121	-1	21.74243907
144	6	-1	101.8658427
110	31	-1	4.190649404
39	33	-1	55.5493834
46	109	-1	55.8207039
13	145	-1	110.8490762
108	17	-1	23.63410961
141	45	-1	28.64211322
132	123	-1	64.4216199
23	73	-1	129.1558588
136	126	-1	117.1508903
148	121	-1	61.60357735
138	51	-1	51.93599042
51	121	-2	79.72227658
11	72	-2	37.16789162
80	51	-2	21.38540782
81	72	-2	41.41565065
82	72	-2	9.557457844
11	121	-2	50.73235783
123	51	-2	54.99104868
64	51	-2	36.66069912
91	72	-2	61.5925061
63	29	-2	165.3698911
61	72	-2	78.58354227
10	72	-2	15.92909641
123	121	-2	137.7021141
63	72	-2	33.98207234
82	29	-2	57.87946189
63	51	-2	30.5505826
133	51	-2	58.04610694
82	125	-2	149.9825021
106	126	-2	117.1508903
125	121	-2	97.8409758
123	56	-2	44.53351147
124	51	-2	36.66069912
64	29	-2	223.249353
29	55	-3	86.05308903
54	51	-3	106.9270391
93	126	-3	109.8289597
54	72	-3	28.67237353
72	121	-3	39.86113829
93	72	-3	37.1678916
54	29	-3	99.22193466
126	121	-3	54.35609767
96	51	-3	42.77081564
143	55	-3	91.78996162
29	51	-3	158.8630295
20	121	-3	43.48487813
72	72	-3	49.91116874
30	51	-3	39.71575738
137	72	-3	103.0081568
33	55	-3	109.0005794
17	121	-3	14.49495938
17	72	-3	55.22086754
137	121	-3	39.86113829
140	56	-3	133.6005344
119	121	-3	28.98991876
20	51	-3	9.16517478
98	45	-4	128.8895095
143	45	-4	50.12369813
54	103	-4	33.35056446
93	73	-4	53.81494118
29	43	-4	63.19204061
96	45	-4	50.12369813
33	145	-4	16.62736143
54	145	-4	77.59435335
54	43	-4	56.17070277
93	45	-4	71.60528304
17	73	-4	53.81494118
16	45	-4	35.80264152
54	45	-4	46.54343397
29	32	-4	105.9582236
72	45	-4	25.06184906
93	62	-4	89.90137819
93	145	-4	52.6533112
17	45	-4	89.5066038
20	45	-4	82.34607549
94	21	-5	81.63405601
54	31	-5	69.14571517
41	100	-5	19.25530123
29	82	-5	81.94437616
96	31	-5	35.62051993
72	31	-5	46.09714344
143	31	-5	34.57285758
143	100	-5	81.83503021
29	77	-5	86.73695572
78	133	-5	14.48100093
17	82	-5	43.70366728
41	84	-5	129.5304828
78	83	-5	77.73883638
98	100	-5	19.25530123
93	31	-5	9.428961159
44	25	-6	42.99859947
40	72	-6	27.61043377
8	72	-6	8.495518081
8	101	-6	16.05632559
8	126	-6	146.4386129
8	121	-6	32.61365861
69	101	-6	28.09856978
8	80	-6	58.33473769
146	100	-7	72.20737959
11	31	-7	51.33545519
51	31	-7	9.428961159
11	100	-7	33.69677714
63	82	-7	65.55550093
146	31	-7	6.285974106
118	31	-7	32.47753288
54	33	-8	61.10432174
95	33	-8	83.3240751
96	33	-8	22.21975336
54	75	-8	14.76080122
96	138	-8	28.50085503
118	72	-9	3.185819281
