O	 D	 AMOEBA	 FlowValue
84	18	8	2555.571628
63	76	7	2808.74221
40	98	6	3399.974931
46	67	5	3613.006825
138	142	4	3896.956272
122	72	3	523.5363019
122	4	3	423.5286452
45	126	3	497.891284
50	125	3	1233.189461
134	72	3	213.4498918
13	64	3	1322.237365
13	121	3	576.1746353
13	137	3	478.0993711
145	94	3	601.5554505
136	55	3	504.8447889
136	62	3	413.5463397
45	142	3	1394.700139
13	99	3	1620.8129
23	125	3	99.98833469
59	23	3	430.7374225
23	5	3	296.1208173
22	33	3	688.8123542
2	105	3	2537.287089
144	121	3	282.6517079
13	142	3	697.3500697
13	10	3	321.7369645
149	113	3	1387.411553
122	10	3	290.6011292
149	54	3	337.8541435
13	125	3	483.276951
136	98	3	344.6979193
45	57	3	366.5857123
122	122	3	707.749861
50	121	3	594.2933345
2	126	3	717.5492034
2	121	3	558.055936
53	55	3	332.7386109
149	91	3	612.3797399
53	29	3	545.7206406
122	105	3	353.0138558
136	79	3	1929.212733
144	95	3	279.160657
149	126	3	329.4868791
2	57	3	1466.342849
122	111	3	667.0557825
22	55	3	522.0554067
132	142	3	615.3088851
45	113	3	693.7057763
13	27	3	680.9547703
149	87	2	340.9187761
13	20	2	315.7140151
48	145	2	207.8420179
25	145	2	429.5401703
112	32	2	313.0583878
145	145	2	257.7241022
122	42	2	461.6500692
122	53	2	742.1937126
45	60	2	649.5491365
138	45	2	300.7421888
122	73	2	1081.680318
43	43	2	477.4509735
2	145	2	335.3184555
132	31	2	751.1739057
149	58	2	432.7755338
27	103	2	266.8045157
25	46	2	1135.255273
4	45	2	486.9159247
122	81	2	2113.367047
104	62	2	1708.126186
46	74	2	2411.03583
149	37	2	4547.209472
122	31	2	513.354552
50	145	2	105.3066224
13	135	2	533.9377363
25	45	2	358.0264152
108	145	2	515.4482044
135	45	2	554.9409435
48	21	2	429.6529264
1	44	2	599.8930311
52	43	2	365.109568
45	109	2	1237.358936
149	31	2	361.4435111
13	81	2	1018.944826
45	132	2	647.7828161
104	21	2	545.6592165
122	49	2	513.9245426
108	62	2	467.4871666
27	43	2	203.6187975
149	16	2	580.0214823
46	73	2	408.993553
13	87	2	383.5336231
45	145	2	678.9505918
26	103	2	416.8820557
28	60	2	649.5491365
23	71	2	740.2315867
149	44	2	375.8365978
50	62	2	404.5562018
46	53	2	1219.318242
138	109	2	1172.234782
108	45	2	325.8040378
29	96	1	5094.516691
89	11	0	-14.70155837
40	49	0	-46.02309337
1	64	0	191.3764607
147	33	0	-88.87901344
148	145	0	138.5613453
59	131	0	181.1298882
95	138	0	161.5048451
133	30	0	-119.8057304
13	131	0	60.37662941
19	91	0	40.28814078
98	45	0	128.8895095
134	55	0	223.7380314
123	31	0	223.1520808
52	17	0	195.5185431
8	87	0	-383.5336231
45	78	0	271.881615
13	101	0	80.28162795
71	100	0	428.4304523
104	100	0	231.0636147
149	80	0	51.85310017
43	120	0	98.09004666
44	138	0	-161.5048451
135	93	0	-1544.050863
104	122	0	337.0237433
143	45	0	50.12369813
150	49	0	92.04618673
71	33	0	72.21419842
44	25	0	42.99859947
138	82	0	120.185085
104	137	0	36.7768747
51	121	0	79.72227658
108	126	0	36.60965323
71	138	0	-855.0256508
112	121	0	-3.623739844
119	83	0	-6.478236365
123	20	0	81.71421567
38	31	0	1.047662351
23	84	0	215.8841381
32	68	0	502.9801574
110	72	0	-58.40668682
99	108	0	-1841.828296
46	30	0	-230.3956354
11	72	0	-2.123879521
1	82	0	327.7775046
27	72	0	93.45069892
138	44	0	7.227626881
123	45	0	182.5934717
25	2	0	-203.2048305
13	123	0	224.0751996
102	51	0	97.76186432
75	31	0	-3.142987053
44	120	0	-63.05788714
135	83	0	-71.26060001
48	123	0	39.21315994
29	55	0	28.68436301
124	123	0	70.02349989
16	20	0	51.99995543
145	109	0	130.2483091
54	33	0	-16.66481502
79	91	0	120.8644223
26	85	0	635.0819256
148	29	0	99.22193466
49	45	0	-60.86449058
13	63	0	104.056468
108	131	0	452.8247206
146	23	0	-287.1582816
82	47	0	-35.21870818
71	83	0	-272.0859273
1	51	0	42.77081564
26	45	0	239.8776982
100	20	0	-18.57141265
12	72	0	-13.80521689
124	114	0	806.8481234
112	31	0	39.81116934
2	82	0	289.5367958
137	119	0	-300.3228471
30	49	0	10.22735408
37	33	0	-22.21975336
29	59	0	357.2653481
5	72	0	15.92909641
133	131	0	60.37662941
45	33	0	16.66481502
119	62	0	314.6548237
31	82	0	158.4257939
87	17	0	719.7660653
95	49	0	7.670515561
1	52	0	736.7387033
115	146	0	367.0765688
63	105	0	463.3306857
29	9	0	389.2312682
53	131	0	48.30130353
112	22	0	41.93135837
2	45	0	21.48158491
72	45	0	25.06184906
134	123	0	249.2836596
122	83	0	207.3035637
136	45	0	-350.8658869
52	77	0	-284.304466
128	32	0	-38.53026311
112	101	0	-40.14081398
94	21	0	81.63405601
59	21	0	150.3785242
25	101	0	8.028162795
13	49	0	150.8534727
4	121	0	235.5430899
135	41	0	-31.6922053
124	17	0	169.7358781
116	83	0	155.4776728
58	86	0	398.5016339
150	101	0	76.26754655
82	31	0	-19.90558467
50	137	0	2231.130399
145	80	0	77.77965025
55	41	0	58.10237639
135	145	0	38.79717667
39	128	0	-201.9785655
149	21	0	214.8264632
60	11	0	-80.85857101
25	31	0	98.48026099
99	32	0	48.16282889
135	38	0	-44.43325385
122	131	0	78.48961824
50	49	0	28.12522372
124	40	0	-31.04915081
39	17	0	-42.97110838
80	78	0	330.141961
103	52	0	-221.021611
90	72	0	22.30073497
93	126	0	109.8289597
97	123	0	-14.00469998
150	123	0	207.2695597
87	79	0	-742.0048972
148	49	0	508.8108655
6	51	0	-79.43151476
4	109	0	418.6552792
63	55	0	-183.5799232
28	123	0	-170.8573397
107	25	0	-36.85594241
144	45	0	35.80264152
1	31	0	14.66727291
36	84	0	240.556611
35	17	0	-21.48555419
100	33	0	16.66481502
29	20	0	-89.14278073
25	32	0	-62.61167756
148	73	0	123.7743647
4	131	0	36.22597765
66	27	0	53.75958713
52	90	0	77.60962359
148	56	0	267.2010688
84	32	0	-288.9769734
35	51	0	149.6978547
147	128	0	338.0049464
132	33	0	55.5493834
23	135	0	21.79337699
53	118	0	2014.00211
146	133	0	65.16450417
44	82	0	-38.24070887
137	11	0	220.5233755
46	79	0	185.5012243
125	25	0	24.57062827
145	59	0	214.3592089
54	31	0	28.28688348
2	49	0	40.90941632
148	80	0	19.44491256
4	138	0	399.0119704
59	49	0	25.5683852
6	45	0	-28.64211322
119	27	0	-268.7979356
32	29	0	24.80548367
87	50	0	135.1829129
17	146	0	-50.05589575
146	109	0	-232.5862662
38	39	0	527.1741816
149	32	0	183.0187498
45	143	0	184.5086535
28	73	0	193.7337882
54	103	0	33.35056446
149	145	0	266.0377829
80	51	0	21.38540782
133	55	0	304.0542479
122	51	0	271.9001851
93	73	0	53.81494118
138	21	0	51.55835116
122	126	0	212.3359888
123	100	0	77.0212049
91	31	0	6.285974106
20	17	0	-21.48555419
81	101	0	62.21826166
45	119	0	285.3067047
144	131	0	84.52728118
35	33	0	-811.0209977
146	100	0	72.20737959
3	72	0	36.10595185
149	41	0	116.2047528
8	29	0	-297.665804
28	64	0	150.7814539
32	131	0	42.26364059
71	34	0	528.7408415
44	64	0	-110.1864471
122	22	0	314.4851877
52	128	0	41.22011542
2	3	0	47.96738218
41	100	0	19.25530123
87	83	0	-129.5647273
91	20	0	802.2850266
108	50	0	58.9258851
131	119	0	2417.598919
43	137	0	-110.3306241
6	31	0	4.190649404
46	134	0	563.6272545
31	45	0	297.1619246
70	120	0	70.06431904
4	96	0	1943.960316
149	50	0	162.9127412
23	146	0	325.3633224
63	43	0	84.25605415
11	49	0	12.7841926
39	50	0	3.466228535
80	33	0	27.7746917
137	62	0	899.0137819
122	17	0	158.993101
16	83	0	-427.5636001
48	138	0	199.5059852
52	62	0	260.7139967
126	29	0	-99.22193466
56	57	0	733.1714246
43	142	0	205.1029617
46	137	0	61.29479117
126	108	0	1014.88498
4	72	0	185.8394581
132	5	0	203.5830619
43	31	0	27.23922113
104	31	0	-59.71675401
32	145	0	74.82312644
54	72	0	9.557457844
110	21	0	-85.93058527
2	98	0	47.00426172
148	133	0	369.2655236
39	43	0	-42.12802707
128	121	0	21.74243907
98	1	0	-48.653514
64	145	0	141.3325722
102	130	0	570.8612559
45	32	0	404.5677627
141	51	0	33.60564086
35	71	0	528.7368477
146	62	0	35.96055128
81	72	0	37.16789161
28	62	0	17.98027564
71	120	0	84.07718285
8	50	0	-194.108798
68	20	0	-14.85713012
148	140	0	139.7467788
80	31	0	23.04857172
44	45	0	110.9881887
122	35	0	-592.9879179
69	51	0	-24.44046608
46	100	0	-105.9041567
55	17	0	-2.148555419
132	100	0	77.0212049
25	38	0	-770.1764
45	91	0	153.094935
146	72	0	-84.95518083
39	72	0	53.09698802
4	62	0	269.7041346
132	11	0	124.9632461
48	80	0	116.6694754
140	123	0	86.82913986
90	32	0	105.9582236
145	128	0	70.07419621
104	80	0	239.8205883
27	100	0	-19.25530123
103	124	0	-513.6399954
52	100	0	-760.5843984
145	17	0	40.82255296
113	82	0	65.55550093
138	48	0	-295.2782326
12	140	0	-391.2909807
106	51	0	-12.22023304
91	112	0	-202.5282274
96	101	0	-4.014081398
11	61	0	594.4471641
53	17	0	182.6272106
82	72	0	9.557457844
49	145	0	27.71226905
13	107	0	-365.575019
89	10	0	290.6011292
80	126	0	-14.64386129
43	2	0	-377.3803994
29	43	0	63.19204061
145	121	0	57.97983751
110	46	0	-495.6748373
148	146	0	-383.7618674
115	33	0	88.87901344
46	124	0	57.0711106
13	130	0	620.5013651
52	99	0	-332.474441
128	78	0	77.68046142
148	1	0	231.1041915
45	77	0	110.8305545
13	100	0	33.69677714
90	131	0	36.22597765
3	146	0	100.1117915
43	123	0	-19.60657997
46	20	0	-66.85708555
110	49	0	25.5683852
41	33	0	216.6425953
104	138	0	152.0045601
12	51	0	-128.3124469
138	146	0	41.71324646
134	47	0	-387.40579
123	75	0	-383.7808316
126	32	0	110.7745065
146	34	0	151.0688118
111	131	0	-72.4519553
59	121	0	-14.49495938
140	145	0	16.62736143
4	43	0	140.4267569
46	31	0	242.0100031
56	133	0	57.92400371
44	17	0	36.52544212
17	49	0	-102.2735408
136	140	0	363.341625
49	43	0	-414.2589329
148	7	0	259.6261384
141	80	0	84.26128777
108	133	0	267.8985171
146	29	0	214.9808584
82	29	0	57.87946189
3	128	0	272.0527617
135	82	0	21.85183364
140	31	0	15.71493526
82	51	0	281.0653599
58	45	0	28.64211322
26	82	0	38.24070887
27	64	0	52.19358019
83	31	0	18.85792232
12	33	0	49.99444506
63	123	0	-25.20845996
35	128	0	4.122011542
148	30	0	193.5323337
62	49	0	17.89786964
126	82	0	633.7031756
146	20	0	178.2855615
77	33	0	588.8234641
23	101	0	18.06336629
8	77	0	-57.82463715
82	44	0	115.6420301
71	82	0	43.70366728
1	50	0	38.12851389
39	101	0	64.22530236
100	21	0	-21.48264632
135	75	0	59.04320487
11	121	0	21.74243907
72	121	0	39.86113829
145	101	0	54.19009887
33	122	0	202.214246
123	77	0	154.1990324
51	79	0	408.1026935
24	107	0	-91.39375476
63	138	0	570.0171005
96	31	0	24.09623407
149	2	0	-522.5267069
139	52	0	884.086444
23	123	0	103.6347798
72	17	0	42.97110838
71	75	0	885.648073
114	33	0	38.88456838
135	64	0	40.59500681
20	131	0	60.37662941
144	72	0	124.246952
93	107	0	1370.906321
83	45	0	204.0750567
51	84	0	-98.68989169
6	70	0	259.7065316
45	25	0	-18.4279712
123	51	0	54.99104868
13	48	0	-2120.63458
141	123	0	39.21315994
35	31	0	-22.00090937
6	114	0	-352.996054
55	64	0	-40.59500681
39	138	0	-171.0051302
116	82	0	10.92591682
8	123	0	168.0563997
64	72	0	-24.42461449
50	55	0	-5.736872601
71	64	0	69.59144025
90	17	0	-40.82255296
144	21	0	107.4132316
115	11	0	124.9632461
79	49	0	40.90941632
11	80	0	-51.85310017
138	126	0	285.5552952
122	91	0	80.57628157
148	43	0	133.4054191
102	77	0	62.64335691
38	51	0	-21.38540782
39	131	0	96.60260706
63	9	0	518.9750243
80	45	0	125.3092453
50	46	0	527.6538591
72	31	0	46.09714344
53	99	0	-249.3558308
39	16	0	279.2696026
80	79	0	352.4523262
128	128	0	-267.9307502
147	83	0	32.39118182
4	133	0	57.92400371
5	17	0	-49.41677463
100	145	0	16.62736143
122	21	0	-60.15140969
138	121	0	65.2273172
47	33	0	33.32963004
30	43	0	-56.17070277
55	33	0	177.7580269
148	50	0	-62.39211364
116	49	0	61.36412449
45	11	0	117.6124669
96	45	0	50.12369813
149	29	0	223.249353
124	32	0	28.89769734
144	46	0	-159.8951088
48	31	0	30.38220818
11	101	0	216.7603955
12	109	0	-427.9587299
125	31	0	10.47662351
128	135	0	-76.27681947
137	146	0	-291.9927252
122	109	0	18.6069013
108	72	0	-50.9731085
55	62	0	179.8027564
23	17	0	68.7537734
84	33	0	105.5438285
31	49	0	-71.59147857
35	50	0	-152.5140556
149	38	0	-103.6775923
43	50	0	83.18948485
8	16	0	64.44683136
50	32	0	62.61167756
89	75	0	-14.76080122
100	48	0	630.8216788
140	49	0	46.02309337
143	100	0	81.83503021
126	60	0	-89.15380305
112	51	0	91.6517478
134	100	0	62.57972898
25	64	0	-40.59500681
64	37	0	-471.8802282
10	33	0	-449.9500056
149	47	0	70.43741636
29	116	0	365.9078435
53	126	0	58.57544517
136	29	0	-1116.246765
78	110	0	708.4770823
27	130	0	322.6607099
145	51	0	158.8630295
93	72	0	12.74327712
9	73	0	500.478953
123	103	0	-100.0516934
35	83	0	181.3906182
96	49	0	28.12522372
32	21	0	373.7980459
13	77	0	48.18719763
14	101	0	-210.7392734
146	101	0	46.16193607
75	73	0	53.81494118
149	40	0	18.62949048
63	45	0	436.7922265
139	78	0	815.6448449
70	145	0	19.39858834
97	21	0	-42.96529264
78	113	0	1433.658604
79	109	0	46.51725325
26	27	0	967.6725683
64	79	0	723.4547748
123	143	0	36.90173069
135	33	0	99.98889012
112	33	0	161.0932119
112	73	0	16.14448235
148	103	0	516.9337491
61	120	0	-49.04502333
11	31	0	23.04857172
138	29	0	1513.134504
87	82	0	27.31479205
56	51	0	116.0922139
64	51	0	36.66069912
46	135	0	87.17350797
84	62	0	206.7731698
32	44	0	260.1945677
13	70	0	103.8826126
70	121	0	123.2071547
46	33	0	911.0098878
149	49	0	322.1616536
135	2	0	116.117046
11	48	0	53.68695139
39	45	0	211.235585
100	45	0	307.9027171
123	132	0	-117.7786938
107	6	0	-339.552809
145	45	0	390.2487926
148	110	0	154.016757
77	128	0	-37.09810387
150	131	0	132.8285847
145	146	0	225.2515309
9	123	0	-75.62537988
88	17	0	32.22833128
141	57	0	-91.64642808
25	91	0	-580.1492273
28	32	0	19.26513156
38	73	0	-43.05195294
13	56	0	22.26675573
116	131	0	54.33896647
7	44	0	-57.82101505
135	123	0	16.80563997
32	146	0	-33.37059717
1	115	0	63.22711179
2	99	0	872.7454077
148	134	0	1315.130261
115	77	0	24.09359881
133	33	0	38.88456838
122	25	0	73.71188481
51	31	0	9.428961159
32	31	0	32.47753288
42	109	0	-74.4276052
81	62	0	215.7633077
134	64	0	313.1614811
27	6	0	322.5751685
101	51	0	-259.6799521
91	101	0	-190.6688664
136	121	0	-21.74243907
102	18	0	385.7466609
141	131	0	66.41429236
71	123	0	210.0704997
91	146	0	66.74119433
8	51	0	-21.38540782
36	62	0	134.8520673
147	21	0	-30.07570485
118	45	0	146.7908302
122	32	0	173.386184
16	66	0	176.0201836
145	31	0	32.47753288
136	145	0	110.8490762
27	31	0	3.142987053
88	31	0	-39.81116934
123	80	0	311.118601
95	123	0	72.82443988
132	101	0	-10.03520349
150	73	0	96.86689412
139	29	0	-206.7123639
32	49	0	143.1829571
71	112	0	202.5282274
146	73	0	107.6298824
40	17	0	25.78266503
39	75	0	44.28240365
116	145	0	41.56840358
99	123	0	42.01409993
100	75	0	339.498428
46	11	0	499.8529844
90	33	0	-161.0932119
145	135	0	65.38013098
97	49	0	10.22735408
136	138	0	-2251.567547
52	101	0	64.22530236
108	10	0	394.3872468
128	72	0	33.98207233
148	123	0	179.2601597
5	105	0	-44.12673197
149	122	0	219.0654332
27	20	0	96.5713458
138	49	0	79.26199413
139	133	0	-7.240500463
8	145	0	-8.313680716
146	49	0	-176.4218579
3	31	0	-31.42987053
132	108	0	300.7066607
8	82	0	-207.5924196
64	31	0	16.76259762
45	83	0	97.17354547
32	72	0	81.76936155
39	64	0	92.788587
150	77	0	1108.305545
8	33	0	-833.240751
48	72	0	31.85819281
144	118	0	95.90486238
145	120	0	56.05145524
58	17	0	-30.07977586
122	50	0	270.3658258
86	20	0	-3.714282531
123	137	0	12.25895823
73	33	0	-16.66481502
81	33	0	-38.88456838
63	145	0	-27.71226905
92	101	0	-36.12673258
123	17	0	12.89133251
91	72	0	33.98207233
146	40	0	-86.93762226
108	40	0	136.6162635
106	84	0	-18.50435469
82	64	0	249.3693276
46	131	0	102.64027
90	128	0	123.6603462
40	31	0	-20.95324702
46	21	0	51.55835116
11	85	0	-1227.825056
13	71	0	-528.7368477
144	109	0	-241.8897169
80	5	0	222.090613
81	137	0	61.29479117
33	145	0	16.62736143
149	56	0	0
21	56	0	-2772.211089
30	109	0	223.2828156
13	11	0	389.5912967
23	86	0	159.4006535
8	64	0	-75.39072694
124	15	0	-107.8341511
31	145	0	74.82312644
78	55	0	-57.36872601
139	126	0	-117.1508903
93	31	0	9.428961159
81	130	0	99.28021842
26	72	0	-14.86715665
138	91	0	1474.545953
23	11	0	220.5233755
52	114	0	403.4240617
148	16	0	64.44683136
141	79	0	1057.356979
55	116	0	470.4529416
2	10	0	93.40750581
82	50	0	-3.466228535
63	20	0	37.14282531
102	49	0	51.13677041
143	140	0	419.2403365
75	17	0	-6.445666256
115	134	0	563.6272545
80	100	0	19.25530123
26	32	0	86.69309201
63	101	0	30.10561048
46	39	0	411.8548294
68	112	0	-455.6885116
26	83	0	58.30412728
148	31	0	465.1620838
10	24	0	131.7494126
36	123	0	-28.00939995
141	72	0	7.433578323
55	77	0	-62.64335691
3	123	0	72.82443988
60	120	0	-119.1093424
63	29	0	165.3698911
28	17	0	-19.33699877
124	29	0	297.665804
71	77	0	-28.91231858
51	33	0	33.32963004
145	100	0	235.87744
112	17	0	-17.18844335
93	17	0	81.64510591
61	72	0	48.84922898
47	21	0	-21.48264632
108	101	0	136.4787675
128	43	0	126.3840812
19	121	0	68.85105704
148	38	0	311.0327769
45	31	0	62.85974106
29	132	0	-176.6680408
91	84	0	-320.742148
26	131	0	132.8285847
84	125	0	-83.32361225
34	49	0	15.34103112
101	49	0	107.3872179
8	36	0	445.3020632
100	29	0	181.9068802
46	49	0	181.5355349
144	73	0	32.28896471
145	93	0	454.1326067
19	17	0	333.0260899
137	126	0	-102.5070291
63	131	0	211.318203
19	126	0	43.93158388
148	45	0	454.6935473
84	21	0	73.04099748
123	50	0	83.18948485
87	40	0	-80.72779209
146	7	0	-439.3673111
39	133	0	246.1770158
25	20	0	22.28569518
136	49	0	40.90941632
28	103	0	150.0775401
104	48	0	241.5912812
50	52	0	564.8330059
107	45	0	-28.64211322
144	49	0	196.8765661
57	94	0	429.6824647
149	123	0	179.2601597
80	73	0	48.43344706
99	138	0	-218.5065552
46	56	0	278.3344467
144	64	0	-11.59857338
128	138	0	1168.535056
148	69	0	-362.8710356
78	91	0	-523.7458302
19	135	0	87.17350797
131	20	0	44.57139037
23	2	0	406.4096609
45	17	0	-12.89133251
49	86	0	1075.954411
87	33	0	83.3240751
74	91	0	354.5356389
95	33	0	83.3240751
134	146	0	83.42649292
135	32	0	144.4884867
121	17	0	-8.594221675
104	55	0	166.3693054
32	121	0	21.74243907
144	40	0	-285.6521874
110	109	0	-74.4276052
26	4	0	244.3434492
137	31	0	-31.42987053
19	31	0	97.43259864
147	82	0	142.0369187
97	121	0	155.8208133
78	133	0	14.48100093
100	146	0	800.894332
87	73	0	107.6298824
108	82	0	486.2032985
91	10	0	114.1647293
148	51	0	91.6517478
116	50	0	17.33114268
6	49	0	20.45470816
87	62	0	125.8619295
149	28	0	227.8942571
82	17	0	40.82255296
63	49	0	102.2735408
124	33	0	-11.10987668
146	136	0	-289.4014749
2	133	0	79.6455051
150	117	0	1955.070272
26	15	0	-736.866699
11	100	0	33.69677714
97	114	0	-63.03500964
137	145	0	-8.313680716
29	131	0	953.9507447
108	73	0	59.1964353
120	60	0	-382.0877273
50	78	0	38.84023071
141	101	0	44.15489537
146	112	0	995.7637846
40	72	0	27.61043377
8	17	0	8.594221675
63	62	0	-8.990137819
80	62	0	161.8224807
100	49	0	10.22735408
78	72	0	-5.309698802
12	101	0	-42.14785467
108	49	0	81.81883265
54	29	0	99.22193466
19	45	0	297.1619246
148	82	0	557.2217579
24	32	0	24.08141445
100	128	0	-218.4666117
108	64	0	-40.59500681
50	123	0	33.61127995
59	51	0	33.60564086
6	35	0	518.8644281
45	124	0	228.2844424
50	73	0	48.43344706
126	121	0	54.35609767
79	33	0	-22.21975336
8	24	0	-1789.596188
28	75	0	1608.927333
11	5	0	1369.55878
139	72	0	56.2828073
75	32	0	4.816282889
26	17	0	-27.93122044
137	50	0	-38.12851389
46	84	0	271.3972021
11	146	0	58.39854504
15	49	0	15.34103112
77	141	0	373.7541528
137	131	0	211.318203
109	71	0	-26.43684238
59	72	0	16.99103617
25	72	0	-183.7155786
79	133	0	-21.72150139
89	43	0	1137.456731
96	51	0	42.77081564
132	17	0	10.74277709
8	31	0	355.157537
100	80	0	64.81637521
63	44	0	-216.8288064
121	45	0	-10.74079246
68	32	0	-24.08141445
150	30	0	368.6330166
122	20	0	-33.42854278
140	32	0	52.97911178
52	130	0	49.64010921
64	133	0	-43.44300278
118	72	0	3.185819281
87	123	0	81.22725987
52	49	0	79.26199413
91	22	0	-377.3822253
96	91	0	-56.4033971
132	137	0	134.8485406
49	107	0	-182.7875095
80	20	0	-14.85713012
35	40	0	242.1833763
149	48	0	228.1695434
104	26	0	167.1067143
1	121	0	32.6136586
93	40	0	217.3440556
39	44	0	-173.4630451
45	128	0	-123.6603462
2	66	0	894.7692669
51	25	0	-49.14125654
145	44	0	101.1867763
19	64	0	-11.59857338
150	128	0	20.61005771
6	133	0	-202.734013
10	72	0	15.92909641
139	145	0	-13.85613453
35	64	0	46.3942935
54	145	0	69.28067263
96	82	0	-442.4996313
28	33	0	77.76913676
13	126	0	0
8	114	0	1122.023172
43	17	0	-38.67399754
63	82	0	-704.721635
28	80	0	375.9349762
85	33	0	49.99444506
53	72	0	43.53953018
93	33	0	61.10432174
150	40	0	298.0718477
75	33	0	-105.5438285
84	114	0	-239.5330366
137	37	0	235.9401141
46	105	0	353.0138558
27	45	0	211.235585
108	21	0	180.4542291
19	73	0	43.05195294
41	84	0	129.5304828
24	60	0	-25.47251516
141	49	0	25.5683852
23	77	0	221.6611091
82	84	0	-92.52177346
49	101	0	182.6407036
53	32	0	-81.87680912
113	128	0	-98.928277
4	49	0	268.4680446
100	77	0	-28.91231858
63	91	0	16.11525631
11	33	0	-238.8623486
71	11	0	132.3140253
1	75	0	369.0200304
2	123	0	-84.02819986
8	131	0	102.64027
118	34	0	1737.291336
122	33	0	172.2030885
19	78	0	116.5206921
150	146	0	125.1397394
13	31	0	99.52792334
74	31	0	-12.57194821
40	131	0	-84.52728118
139	28	0	-1481.312671
13	112	0	16.87735228
70	59	0	557.3339431
126	36	0	247.3900351
80	121	0	61.60357736
63	64	0	266.7671876
29	80	0	388.8982513
8	138	0	-66.50199506
122	40	0	149.0359239
17	76	0	29.25773136
145	23	0	1234.780611
128	73	0	16.14448235
148	4	0	97.73737966
2	44	0	274.6498215
149	19	0	39.50071101
10	101	0	126.443564
138	62	0	35.96055128
52	21	0	-442.5425142
146	46	0	943.381142
77	59	0	-142.9061392
132	109	0	27.91035195
32	73	0	48.43344706
12	56	0	1647.739924
146	65	0	-1065.492257
4	39	0	82.37096588
71	145	0	-13.85613453
48	73	0	37.67045883
29	41	0	359.1783268
143	33	0	133.3185202
110	44	0	-1344.3386
2	77	0	106.0118348
47	112	0	405.0564547
135	31	0	39.81116934
108	2	0	-116.117046
143	86	0	-79.70032677
136	128	0	259.6867271
63	144	0	-1502.704869
101	45	0	-17.90132076
13	17	0	49.41677463
146	41	0	15.84610265
45	75	0	177.1296146
1	45	0	-64.44475473
129	16	0	21.48227712
4	46	0	1007.339185
48	64	0	34.79572013
104	125	0	116.6530571
103	31	0	-15.71493526
33	39	0	-181.2161249
146	138	0	798.0239407
84	131	0	90.56494412
104	140	0	642.8351826
108	121	0	39.86113829
148	10	0	72.6502823
82	145	0	60.96699192
134	45	0	-82.34607549
45	51	0	201.6338452
119	44	0	-43.36576129
138	32	0	0
49	48	0	-214.7478055
108	136	0	696.7072543
91	64	0	-34.79572013
45	68	0	226.3410708
50	17	0	116.0219926
4	21	0	339.4258118
80	110	0	164.2845408
143	49	0	15.34103112
46	29	0	752.4330045
11	77	0	-173.4739115
144	101	0	150.5280524
143	55	0	91.78996162
54	45	0	25.06184906
93	30	0	-101.3740796
9	55	0	160.6324328
84	138	0	114.0034201
148	17	0	-358.8087549
24	31	0	34.57285758
45	44	0	151.7801645
138	43	0	196.5974597
123	46	0	-191.8741306
13	3	0	647.5596594
96	29	0	818.580961
74	51	0	36.66069912
8	72	0	-114.6894941
64	101	0	28.09856978
148	60	0	318.4064395
17	82	0	43.70366728
44	10	0	-31.13583527
83	33	0	-16.66481502
84	145	0	11.08490762
12	35	0	370.6174487
91	33	0	-55.5493834
134	31	0	106.8615598
122	108	0	1315.59164
67	72	0	-2.123879521
45	135	0	76.27681947
126	80	0	-97.22456281
149	7	0	519.2522767
135	52	0	-24.55795678
57	83	0	-71.26060001
80	92	0	1241.163456
43	96	0	-536.2649149
50	146	0	375.4192181
63	72	0	-18.05297593
145	91	0	-16.11525631
122	142	0	246.123554
22	20	0	389.9996657
79	45	0	-118.148717
27	91	0	56.4033971
128	44	0	-296.3327021
6	77	0	72.28079644
120	33	0	99.98889012
123	60	0	343.8789546
55	69	0	-406.4155599
95	50	0	-6.932457071
132	72	0	6.371638562
80	43	0	-273.832176
124	21	0	-21.48264632
89	109	0	-195.3724636
90	101	0	-28.09856978
53	31	0	176.007275
110	45	0	21.48158491
26	51	0	18.33034956
51	41	0	-169.0250949
90	20	0	-111.4284759
143	2	0	2032.048305
2	40	0	167.6654144
5	45	0	46.54343397
61	64	0	-11.59857338
27	80	0	369.4533387
119	131	0	-24.15065177
55	45	0	-21.48158491
118	61	0	209.8048815
141	121	0	21.74243907
70	33	0	-216.6425953
1	145	0	41.56840358
97	133	0	282.3795181
8	125	0	-233.3061143
104	49	0	122.728249
124	44	0	-79.50389569
107	44	0	93.95914945
39	21	0	120.3028194
95	72	0	88.14100011
29	31	0	129.9101315
43	51	0	0
90	31	0	-7.333636457
9	83	0	-142.5212
40	43	0	400.2162572
113	103	0	-433.557338
62	40	0	-161.4555842
87	32	0	77.06052623
29	15	0	359.4471703
63	11	0	632.1670097
11	17	0	36.52544212
50	44	0	130.0972839
124	43	0	-21.06401354
87	145	0	99.76416859
118	125	0	199.9766694
110	114	0	365.6030559
149	131	0	169.0545624
71	44	0	-79.50389569
46	64	0	579.9286688
29	91	0	330.3627544
148	77	0	404.7724601
5	31	0	7.333636457
27	46	0	239.8426632
29	137	0	-330.9918723
123	82	0	-366.0182135
87	72	0	-12.74327712
128	49	0	48.57993189
48	112	0	303.7923411
116	51	0	223.019253
50	84	0	111.0261281
144	145	0	166.2736143
35	15	0	53.91707554
3	86	0	199.2508169
95	41	0	-63.3844106
144	32	0	-38.53026311
48	17	0	38.67399754
29	17	0	-118.170548
125	29	0	-33.07397822
2	53	0	583.1522027
133	83	0	90.69530911
27	39	0	313.0096704
138	110	0	328.5690816
109	84	0	-18.50435469
113	17	0	-6.445666256
45	2	0	899.9071064
119	31	0	-42.95415639
67	45	0	-32.22237737
144	136	0	160.7785972
88	113	0	2173.611432
149	36	0	148.4340211
23	128	0	255.5647156
99	83	0	97.17354547
28	77	0	207.2049498
29	121	0	-728.3717087
68	52	0	785.8546169
89	73	0	1512.199847
46	82	0	431.5737144
30	51	0	39.71575738
143	102	0	406.6804034
19	44	0	281.8774484
6	145	0	52.6533112
27	60	0	343.8789546
101	29	0	66.14795644
45	123	0	53.21785991
66	128	0	169.0024732
89	33	0	44.43950672
75	82	0	98.33325139
149	45	0	329.384302
43	45	0	0
33	119	0	-165.1775659
137	49	0	20.45470816
108	41	0	-63.3844106
24	40	0	-49.67864129
104	126	0	58.57544517
47	62	0	1096.796814
123	121	0	112.3359352
23	33	0	-144.4283968
28	44	0	-122.869657
84	49	0	-30.68206224
31	33	0	99.98889012
146	55	0	-63.10559861
92	49	0	84.37567117
40	55	0	-51.63185341
45	133	0	50.68350324
29	75	0	560.9104462
32	134	0	563.6272545
90	75	0	-236.1728195
71	31	0	7.333636457
150	31	0	164.4829891
7	73	0	43.05195294
11	138	0	218.5065552
140	33	0	-5.55493834
52	131	0	229.4311918
108	32	0	154.1210525
150	142	0	369.185331
6	131	0	132.8285847
118	73	0	48.43344706
123	126	0	-205.0140581
141	62	0	17.98027564
52	50	0	-41.59474242
23	62	0	575.3688204
136	77	0	-33.73103834
66	146	0	41.71324646
32	46	0	175.8846197
89	51	0	-9.16517478
35	43	0	-49.14936492
149	63	0	34.68548933
117	48	0	-469.7608246
136	6	0	305.5975281
63	84	0	-80.185537
139	121	0	50.73235782
124	70	0	1090.767433
89	92	0	-188.8726998
90	82	0	666.4809261
71	20	0	-66.85708555
2	102	0	189.7841883
11	131	0	-627.9169459
103	82	0	-103.7962098
108	31	0	103.7185727
84	126	0	-21.96579194
34	83	0	-6.478236365
96	83	0	-84.21707274
149	75	0	369.0200304
43	131	0	1044.515689
6	21	0	-146.081995
46	140	0	475.139048
75	121	0	-141.3258539
4	75	0	147.6080122
11	51	0	70.26633998
135	117	0	-258.2168284
29	93	0	1362.39782
85	32	0	-9.632565778
140	64	0	-81.19001363
36	49	0	38.3525778
148	128	0	82.44023083
137	36	0	-544.2580773
122	39	0	98.84515906
103	75	0	280.4552231
52	145	0	36.02594977
19	72	0	49.91116874
148	119	0	-180.1937082
74	21	0	223.4195217
116	101	0	46.16193607
6	12	0	1709.662647
136	123	0	-19.60657997
142	49	0	-12.7841926
40	44	0	72.27626881
7	39	0	378.9064431
34	131	0	-42.26364059
58	13	0	-169.5681664
150	32	0	101.1419407
44	40	0	93.14745242
137	45	0	57.28422643
125	51	0	-3.05505826
46	142	0	369.185331
148	126	0	-51.25351453
27	17	0	27.93122044
116	121	0	50.73235782
3	24	0	175.6658835
60	95	0	-31.01785077
27	44	0	108.4144032
32	51	0	219.9641947
57	45	0	50.12369813
8	60	0	-241.988894
145	133	0	50.68350324
93	50	0	-17.33114268
138	72	0	56.2828073
78	83	0	77.73883638
27	121	0	50.73235782
122	41	0	100.3586501
103	121	0	94.21723596
143	72	0	-8.495518083
4	73	0	166.8263177
13	23	0	516.884907
55	107	0	304.6458492
9	130	0	595.6813105
53	49	0	20.45470816
78	43	0	-322.9815409
135	96	0	2078.026545
29	40	0	-55.88847145
69	145	0	-58.19576501
143	32	0	-67.42796045
92	131	0	-90.56494412
150	50	0	128.2504558
79	72	0	-12.74327712
5	80	0	12.96327504
52	29	0	24.80548367
108	146	0	225.2515309
77	51	0	-12.22023304
116	114	0	151.2840231
49	143	0	-2251.005572
13	97	0	253.2928065
89	16	0	-429.6455424
74	145	0	-11.08490762
22	145	0	-792.5708949
99	107	0	-304.6458492
29	33	0	538.829019
140	100	0	67.39355429
54	43	0	56.17070277
44	21	0	-68.74446822
137	64	0	-98.58787369
106	145	0	-22.16981524
148	11	0	66.15701264
45	50	0	155.9802841
10	20	0	-55.71423796
106	32	0	-24.08141445
39	137	0	576.171037
108	137	0	600.6889535
146	33	0	244.417287
55	121	0	123.2071547
23	80	0	246.3022258
45	30	0	36.86330166
50	31	0	198.0081843
57	64	0	-115.9857338
149	101	0	136.4787675
63	126	0	-43.93158388
104	101	0	-12.04224419
16	17	0	-21.48555419
90	56	0	278.3344467
115	48	0	-147.6391163
103	100	0	14.44147592
81	17	0	45.11966379
138	40	0	-37.25898097
123	33	0	366.6259305
87	31	0	36.66818228
108	128	0	136.0263809
116	64	0	382.7529214
136	30	0	156.6690321
28	20	0	59.42852049
1	62	0	251.7238589
135	79	0	-371.0024486
79	39	0	-32.94838635
138	64	0	40.59500681
122	77	0	86.73695573
123	73	0	139.9188471
52	123	0	36.41221994
45	36	0	49.47800703
123	38	0	429.5214539
99	49	0	-43.46625485
63	31	0	101.623248
141	77	0	53.00591739
124	31	0	57.6214293
4	4	0	1009.952923
46	44	0	28.91050752
22	21	0	-8.593058527
79	44	0	-115.6420301
66	51	0	18.33034956
34	40	0	155.245754
128	45	0	-25.06184906
148	32	0	19.26513156
147	73	0	-37.67045883
13	52	0	-761.2966601
146	10	0	-124.5433411
96	27	0	-17.91986238
104	133	0	57.92400371
96	138	0	28.50085503
53	33	0	-27.7746917
100	31	0	78.57467632
137	19	0	513.5092432
27	82	0	76.48141775
145	83	0	84.21707274
36	73	0	274.4562
4	146	0	125.1397394
51	89	0	-239.946252
19	128	0	148.3924155
111	51	0	-18.33034956
59	41	0	-42.25627374
82	138	0	180.5054152
102	73	0	53.81494118
123	52	0	171.9056974
13	45	0	7.160528304
38	63	0	104.056468
39	135	0	-130.760262
4	123	0	30.81033995
8	126	0	131.7947516
136	51	0	308.5608843
28	97	0	108.5540599
104	50	0	-17.33114268
25	15	0	-233.6406607
144	51	0	134.4225634
39	20	0	70.57136808
51	49	0	102.2735408
145	84	0	135.6986011
1	17	0	12.89133251
2	32	0	33.71398022
137	101	0	46.16193607
52	80	0	395.3798888
108	85	0	-232.8633727
39	4	0	32.57912655
20	121	0	43.48487813
31	123	0	30.81033995
134	1	0	-340.574598
110	128	0	-78.31821929
149	17	0	92.38788301
2	122	0	151.6606845
8	101	0	-198.6970292
63	10	0	83.02889406
50	45	0	103.8276604
68	45	0	164.692151
72	2	0	-203.2048305
1	26	0	217.2387287
115	100	0	-9.627650613
46	65	0	1207.557892
104	72	0	277.1662775
128	131	0	259.6195065
55	141	0	-373.7541528
19	75	0	413.3024341
98	103	0	-183.4281045
27	33	0	38.88456838
52	95	0	108.5624777
19	142	0	533.2677004
25	123	0	238.0798996
19	40	0	-149.0359239
32	3	0	647.5596594
13	95	0	139.5803285
144	146	0	58.39854504
55	83	0	-38.86941819
149	26	0	66.84268574
43	62	0	89.90137819
136	33	0	-33.32963004
63	51	0	30.5505826
48	131	0	319.9961359
144	33	0	11.10987668
2	131	0	-253.5818435
39	10	0	114.1647293
27	137	0	134.8485406
46	72	0	-6.371638562
104	79	0	-37.10024486
108	52	0	-442.043222
55	138	0	123.5037051
2	50	0	149.047827
104	51	0	-103.8719808
118	101	0	16.05632559
101	19	0	-237.0042661
87	64	0	156.5807406
56	33	0	-27.7746917
3	49	0	53.69360893
66	21	0	73.04099748
146	110	0	215.6234598
149	35	0	1630.716774
132	45	0	75.18554719
23	131	0	-72.4519553
99	82	0	147.4998771
45	146	0	-75.08384363
28	78	0	291.3017303
122	145	0	16.62736143
1	20	0	-48.2856729
106	46	0	-63.95804352
100	51	0	6.11011652
46	83	0	382.2159455
128	145	0	363.0307246
55	131	0	126.7909218
148	92	0	431.7090281
31	138	0	-95.00285009
133	91	0	136.9796787
66	110	0	-82.14227041
52	45	0	57.28422643
108	66	0	-161.351835
23	43	0	70.21337846
6	33	0	-111.0987668
144	128	0	98.928277
146	105	0	-904.5980055
38	91	0	24.17288447
96	62	0	-35.96055128
4	95	0	356.7052839
63	33	0	-533.2740807
32	128	0	-201.9785655
124	49	0	17.89786964
144	31	0	31.42987053
53	123	0	168.0563997
54	123	0	5.601879991
57	120	0	-84.07718285
39	56	0	144.7339123
133	51	0	58.04610694
26	31	0	58.66909166
46	90	0	2250.679084
112	45	0	186.1737359
138	17	0	51.56533005
23	32	0	77.06052623
28	45	0	279.2606038
31	32	0	-48.16282889
89	41	0	26.41017109
74	72	0	-7.433578323
40	56	0	-122.4671565
131	45	0	21.48158491
60	43	0	-217.6614732
23	145	0	44.33963048
8	1	0	231.1041915
121	51	0	-27.49552434
124	72	0	-3.185819281
72	62	0	188.7928942
93	45	0	71.60528304
39	49	0	5.113677041
115	64	0	-63.79215357
7	72	0	19.11491569
123	128	0	-131.9043693
126	143	0	1808.184804
55	145	0	207.8420179
2	31	0	-48.19246815
17	62	0	242.7337211
24	48	0	-2080.369366
6	128	0	284.4187964
28	91	0	-797.7051875
53	77	0	149.3803126
39	46	0	-207.8636415
48	62	0	242.7337211
122	29	0	41.34247278
83	128	0	362.7370157
128	17	0	88.09077217
35	66	0	102.6784405
128	21	0	-494.1008653
55	31	0	10.47662351
3	45	0	17.90132076
116	31	0	-13.61961056
45	101	0	-16.05632559
84	64	0	185.577174
50	112	0	1046.395841
22	138	0	38.00114003
148	129	0	378.3221413
150	46	0	607.6014135
118	41	0	-369.7423952
83	121	0	28.98991876
128	125	0	-299.9650041
112	82	0	213.055378
2	17	0	27.93122044
148	112	0	320.6696933
81	51	0	-12.22023304
27	27	0	340.4773851
138	10	0	145.3005646
35	75	0	-29.52160243
126	131	0	114.7155959
115	62	0	-8.990137819
102	17	0	25.78266503
3	83	0	155.4776728
112	40	0	18.62949048
40	45	0	68.02501889
39	79	0	-74.20048972
4	51	0	155.8079713
9	136	0	225.090036
63	69	0	-217.7226214
29	85	0	973.7922859
140	120	0	266.2444124
34	128	0	-115.4163232
144	123	0	58.8197399
145	131	0	470.9377094
150	33	0	-5.55493834
122	47	0	-35.21870818
33	131	0	66.41429236
125	50	0	-17.33114268
17	73	0	53.81494118
143	66	0	-674.7440373
19	80	0	187.9674881
149	59	0	814.5649937
122	140	0	1760.809413
101	57	0	962.2874948
13	29	0	124.0274183
141	40	0	-74.51796193
126	51	0	12.22023304
20	49	0	-35.79573928
116	109	0	186.069013
6	4	0	-553.8451514
28	49	0	140.6261186
149	73	0	10.76298824
80	123	0	-78.42631987
68	31	0	38.76350699
16	45	0	35.80264152
90	44	0	-173.4630451
1	66	0	-161.351835
147	31	0	14.66727291
46	121	0	108.7121953
104	128	0	28.85408079
13	133	0	57.92400371
143	75	0	-14.76080122
112	64	0	632.122249
81	45	0	196.9145284
45	63	0	138.7419573
123	29	0	-82.68494555
141	33	0	-33.32963004
28	8	0	885.7003676
138	143	0	405.9190376
149	82	0	322.3145462
150	64	0	-405.9500681
99	101	0	6.021122096
63	75	0	118.0864097
46	17	0	88.09077217
36	83	0	712.6060001
150	51	0	24.44046608
61	33	0	-161.0932119
23	64	0	57.99286688
35	145	0	-44.33963048
31	101	0	110.3872384
25	52	0	540.2750491
99	29	0	289.3973094
136	17	0	-100.9821047
45	73	0	5.381494118
50	20	0	18.57141265
1	35	0	444.7409384
39	122	0	337.0237433
29	32	0	67.42796045
72	72	0	49.91116874
143	40	0	757.5992797
147	45	0	150.3710944
134	110	0	-359.3724331
83	21	0	-94.5236438
88	72	0	-7.433578323
46	63	0	17.34274466
145	7	0	339.511104
148	20	0	282.2854723
45	49	0	168.7513423
10	21	0	-360.9084581
65	93	0	1998.18347
72	145	0	-27.71226905
35	103	0	50.02584669
146	30	0	-55.29495249
60	101	0	-8.028162795
149	100	0	48.13825306
11	79	0	-74.20048972
39	31	0	20.95324702
61	51	0	-36.66069912
137	72	0	76.45966275
80	84	0	283.7334386
122	132	0	-29.44467346
123	32	0	134.8559209
136	31	0	171.8166256
63	17	0	-88.09077217
28	21	0	21.48264632
140	132	0	441.6701019
74	128	0	622.4237428
95	95	0	527.3034631
26	47	0	70.43741636
135	78	0	-776.8046142
46	42	0	263.8000396
33	55	0	109.0005794
112	29	0	24.80548367
58	41	0	-21.12813687
123	72	0	246.3700244
148	26	0	167.1067143
80	133	0	28.96200185
6	72	0	243.1842051
123	57	0	504.0553544
146	16	0	128.8936627
55	78	0	291.3017303
39	144	0	601.0819475
149	5	0	55.52265324
48	101	0	150.5280524
82	40	0	149.0359239
102	47	0	176.0935409
150	108	0	676.5899865
100	17	0	-36.52544212
28	131	0	-265.6571694
124	143	0	184.5086535
23	133	0	333.0630213
66	48	0	402.6521354
148	33	0	222.1975336
11	8	0	-354.280147
13	51	0	73.32139824
146	11	0	-14.70155837
3	101	0	26.09152908
50	56	0	345.1347139
129	114	0	176.498027
150	103	0	250.1292334
26	49	0	135.5124416
2	38	0	59.24433846
22	45	0	107.4079246
9	40	0	-31.04915081
91	49	0	-56.25044745
19	131	0	18.11298882
148	40	0	-68.30813177
45	21	0	197.6403461
13	44	0	-28.91050752
107	145	0	135.7901184
132	49	0	86.93250969
122	133	0	-181.0125116
32	101	0	24.08448839
144	52	0	-221.021611
71	60	0	369.3514698
72	40	0	-180.0850747
150	126	0	65.89737582
28	145	0	72.05189954
2	33	0	177.7580269
5	20	0	-18.57141265
138	122	0	50.5535615
123	95	0	294.6695823
141	31	0	166.5783138
112	145	0	5.542453811
23	31	0	54.47844225
84	31	0	2.095324702
96	42	0	-197.8500297
8	102	0	230.4522286
134	145	0	44.33963048
29	101	0	26.09152908
2	137	0	122.5895823
117	73	0	10.76298824
43	73	0	48.43344706
7	103	0	-33.35056446
104	73	0	32.28896471
17	121	0	14.49495938
19	32	0	28.89769734
93	121	0	-47.10861798
149	51	0	91.6517478
97	126	0	431.9939082
98	100	0	19.25530123
29	109	0	-288.4069701
138	101	0	50.17601747
123	84	0	265.2290839
128	51	0	-30.5505826
148	62	0	521.4279935
6	52	0	245.5795678
82	125	0	33.3294449
47	61	0	-104.9024407
35	49	0	-58.80728597
90	109	0	297.7104208
55	82	0	196.6665028
43	49	0	186.649212
8	109	0	-130.2483091
29	126	0	856.6658857
54	110	0	246.4268112
146	135	0	-621.1112443
149	138	0	85.50256508
36	103	0	33.35056446
2	51	0	-15.2752913
4	10	0	-93.40750581
29	128	0	156.6364386
123	109	0	-74.4276052
141	17	0	105.2792155
55	58	0	750.1442585
23	45	0	-10.74079246
84	45	0	189.7540001
50	77	0	-443.3222182
38	33	0	38.88456838
134	131	0	-120.7532588
72	49	0	-207.1039201
71	43	0	442.3442843
39	2	0	29.0292615
147	40	0	86.93762226
101	138	0	-57.00171005
46	80	0	71.29801273
140	45	0	-7.160528304
23	72	0	194.3349762
128	146	0	25.02794788
106	126	0	117.1508903
9	68	0	980.811307
47	51	0	-21.38540782
54	131	0	175.0922253
13	80	0	32.4081876
149	43	0	35.10668923
132	21	0	-38.66876337
45	138	0	-38.00114003
139	77	0	163.8364719
14	17	0	-23.63410961
71	32	0	14.44884867
1	108	0	-1541.121636
133	50	0	-10.39868561
69	45	0	-161.1118868
46	91	0	80.57628157
123	138	0	57.00171005
125	45	0	-42.96316982
71	84	0	394.7595668
2	5	0	111.0453065
148	100	0	33.69677714
100	138	0	845.5253658
137	128	0	-152.514427
138	30	0	-313.3380641
29	146	0	-75.08384363
123	123	0	61.6206799
3	62	0	35.96055128
59	77	0	110.8305545
136	72	0	-9.557457844
13	73	0	0
149	52	0	-491.1591356
63	41	0	-21.12813687
1	101	0	112.3942791
123	131	0	30.18831471
118	79	0	463.7530608
138	25	0	6.142657068
49	31	0	-7.333636457
89	128	0	-16.48804617
35	92	0	-2212.508769
123	22	0	272.5538294
128	31	0	17.81025997
144	126	0	29.28772259
40	145	0	11.08490762
66	144	0	-400.7212983
89	49	0	-10.22735408
35	45	0	28.64211322
7	51	0	-6.11011652
11	52	0	270.1375246
125	121	0	97.8409758
115	72	0	-93.45069892
150	20	0	96.5713458
7	64	0	46.3942935
46	101	0	56.19713957
41	80	0	-45.37146265
150	135	0	43.58675399
134	77	0	216.8423893
9	30	0	2202.582274
31	128	0	-152.514427
55	30	0	73.72660332
3	44	0	28.91050752
23	49	0	143.1829571
6	11	0	-29.40311673
45	100	0	-178.1115363
31	17	0	-96.68499384
38	77	0	96.37439525
21	11	0	-44.1046751
8	48	0	80.53042708
28	83	0	77.73883638
11	45	0	3.580264152
144	5	0	222.090613
93	62	0	89.90137819
39	38	0	-74.05542308
133	45	0	53.70396228
44	51	0	-9.16517478
122	37	0	193.0419115
123	145	0	351.945817
27	62	0	143.8422051
35	74	0	640.9082586
91	121	0	61.60357736
23	78	0	155.3609228
84	72	0	158.2290243
139	24	0	43.91647087
32	62	0	-71.92110255
31	30	0	193.5323337
53	45	0	118.148717
127	106	0	-359.5344029
75	112	0	-270.0376365
21	20	0	-25.99997771
149	103	0	250.1292334
8	55	0	-97.52683422
7	33	0	33.32963004
29	84	0	-30.84059115
33	17	0	21.48555419
1	72	0	71.14996395
78	78	0	330.141961
118	33	0	-16.66481502
137	83	0	6.478236365
48	45	0	175.4329434
122	44	0	180.690672
17	72	0	55.22086754
143	77	0	-14.45615929
76	32	0	125.2233551
13	26	0	50.1320143
150	145	0	-5.542453811
118	80	0	-6.481637521
21	21	0	223.4195217
12	146	0	-75.08384363
13	28	0	113.9471285
113	45	0	-143.2105661
96	99	0	124.6779154
138	133	0	166.5315107
13	109	0	251.1931675
149	72	0	172.0342412
150	78	0	1553.609228
11	91	0	-145.0373068
90	45	0	164.692151
145	123	0	64.4216199
59	128	0	24.73206925
44	33	0	72.21419842
27	123	0	-14.00469998
10	145	0	-16.62736143
46	126	0	58.57544517
86	17	0	-30.07977586
71	146	0	83.42649292
58	133	0	94.12650602
41	75	0	177.1296146
13	21	0	176.1576998
91	119	0	480.5165553
146	45	0	-35.80264152
106	79	0	241.1515916
90	133	0	137.5695088
84	137	0	-490.3583293
8	37	0	107.2455064
118	128	0	131.9043693
73	84	0	-30.84059115
61	32	0	14.44884867
26	66	0	-249.3619268
66	45	0	-85.92633965
122	62	0	-593.349096
80	145	0	-8.313680716
12	128	0	-28.85408079
52	31	0	74.38402692
45	72	0	117.8753134
50	21	0	124.5993486
110	75	0	221.4120182
93	145	0	47.11085739
8	44	0	281.8774484
100	101	0	44.15489537
63	115	0	-1707.132018
46	25	0	6.142657068
11	73	0	263.6932118
72	73	0	-328.2711412
1	83	0	71.26060001
115	45	0	50.12369813
9	51	0	73.32139824
15	109	0	-18.6069013
134	32	0	14.44884867
23	21	0	141.7854657
146	31	0	-5.238311755
28	31	0	22.00090937
143	131	0	114.7155959
114	49	0	61.36412449
115	133	0	202.734013
63	120	0	-35.03215952
46	32	0	-207.1001642
103	17	0	-25.78266503
53	128	0	-65.95218467
83	29	0	-735.8960154
145	19	0	790.0142203
52	126	0	197.6921275
17	52	0	-491.1591356
80	143	0	664.2311524
45	41	0	-121.486787
10	29	0	-438.2302114
87	25	0	12.28531414
1	131	0	126.7909218
126	133	0	-21.72150139
24	145	0	-63.73821882
28	22	0	398.3479045
14	33	0	33.32963004
4	31	0	183.3409114
65	31	0	-4.190649404
46	43	0	273.832176
29	49	0	-76.70515561
69	138	0	104.5031351
23	138	0	199.5059852
61	75	0	-132.8472109
138	78	0	-233.0413843
36	25	0	282.5622251
17	45	0	89.5066038
112	109	0	18.6069013
5	73	0	32.28896471
123	56	0	44.53351147
72	128	0	41.22011542
35	20	0	245.142647
99	51	0	45.8258739
136	7	0	119.8274485
63	25	0	-202.7076832
28	109	0	139.5517597
122	123	0	182.0610997
71	73	0	16.14448235
43	101	0	18.06336629
46	50	0	-6.932457071
68	123	0	16.80563997
93	109	0	213.9793649
118	31	0	11.52428586
137	121	0	39.86113829
66	49	0	51.13677041
123	64	0	-46.3942935
114	73	0	69.95942353
144	6	0	101.8658427
148	34	0	151.0688118
116	33	0	94.43395178
134	21	0	-25.77917558
45	27	0	143.358899
102	84	0	912.8814981
123	49	0	99.71670229
13	50	0	-145.5815985
3	100	0	-43.32442776
4	126	0	790.7685098
8	121	0	-126.8308946
82	32	0	351.5886509
84	121	0	-18.11869922
144	62	0	476.4773044
26	62	0	134.8520673
137	17	0	315.8376466
72	101	0	16.05632559
8	128	0	-98.928277
148	41	0	58.10237639
48	55	0	298.3173753
116	40	0	0
45	20	0	107.7141934
84	17	0	0
35	2	0	812.8193219
4	101	0	289.0138606
132	50	0	86.65571338
46	26	0	133.6853715
107	33	0	-22.21975336
96	131	0	-144.9039106
50	131	0	66.41429236
69	101	0	28.09856978
2	62	0	269.7041346
138	123	0	2.800939995
101	112	0	-67.50940912
67	32	0	-183.0187498
45	131	0	289.8078212
70	31	0	-4.190649404
55	84	0	43.17682761
95	45	0	214.8158491
50	43	0	98.29872984
144	44	0	86.73152257
149	128	0	-45.34212696
43	72	0	130.6185905
29	21	0	610.1071554
140	56	0	133.6005344
148	72	0	226.193169
83	62	0	-251.7238589
116	62	0	503.4477179
149	24	0	109.7911772
40	128	0	74.19620775
48	133	0	108.607507
124	61	0	-139.869921
146	132	0	530.0041223
96	145	0	-36.02594977
149	137	0	98.07166587
46	78	0	-271.881615
150	17	0	-85.94221675
30	132	0	-29.44467346
51	1	0	-717.6393315
112	49	0	-2.55683852
52	32	0	235.9978616
3	51	0	18.33034956
25	66	0	73.34174319
136	91	0	72.51865341
129	44	0	-101.1867763
8	21	0	481.2112775
63	58	0	-57.7034045
28	72	0	26.54849401
144	26	0	50.1320143
58	109	0	-167.4621117
149	146	0	-8.342649292
80	50	0	-10.39868561
44	72	0	-50.9731085
27	128	0	90.68425392
11	145	0	-49.8820843
140	46	0	463.6958155
54	17	0	-2.148555419
19	49	0	71.59147857
27	49	0	66.47780153
138	20	0	22.28569518
47	50	0	-27.72982828
123	101	0	-58.20418026
54	128	0	28.85408079
112	135	0	10.8966885
147	17	0	-2.148555419
6	39	0	148.2677386
136	66	0	249.3619268
121	77	0	-226.4798288
29	79	0	37.10024486
124	51	0	30.5505826
144	17	0	60.15955173
1	99	0	-831.1861026
26	29	0	223.249353
48	2	0	-522.5267069
12	24	0	-109.7911772
148	101	0	66.23234306
134	80	0	25.92655008
119	121	0	28.98991876
138	31	0	45.04948109
29	145	0	33.25472286
91	21	0	416.7633386
13	72	0	29.73431329
70	123	0	53.21785991
35	39	0	164.7419318
91	130	0	471.5810375
4	64	0	434.9465016
99	66	0	-264.0302755
29	72	0	177.34394
54	112	0	810.1129095
39	51	0	97.76186432
115	66	0	-396.0454132
80	32	0	187.8350327
122	16	0	-150.3759398
150	141	0	-373.7541528
149	77	0	-322.8542241
28	38	0	88.86650769
32	33	0	111.0987668
31	43	0	140.4267569
40	33	0	255.5271636
104	30	0	101.3740796
144	77	0	53.00591739
54	75	0	14.76080122
1	125	0	99.98833469
2	101	0	447.5700758
137	32	0	-28.89769734
145	32	0	14.44884867
147	123	0	86.82913986
29	103	0	1367.373143
27	4	0	48.86868983
148	121	0	-50.73235782
20	45	0	82.34607549
113	131	0	-102.64027
8	49	0	51.13677041
7	43	0	449.3656221
11	44	0	101.1867763
85	45	0	-107.4079246
70	132	0	-58.88934692
110	31	0	4.190649404
57	145	0	91.45048787
148	131	0	1129.04297
39	33	0	-433.2851905
150	44	0	-7.227626881
61	20	0	-29.71426024
44	44	0	-137.3249107
46	109	0	55.8207039
13	145	0	-41.56840358
108	17	0	23.63410961
73	49	0	25.5683852
19	77	0	-62.64335691
41	88	0	-1157.290933
81	49	0	-74.14831709
31	136	0	-300.120048
141	45	0	28.64211322
146	56	0	-66.8002672
20	52	0	-196.4636542
132	123	0	64.4216199
136	126	0	117.1508903
149	78	0	-116.5206921
148	138	0	199.5059852
133	21	0	-60.15140969
27	101	0	-10.03520349
87	44	0	166.2354183
122	45	0	762.5962644
13	138	0	323.0096903
15	17	0	-45.11966379
112	75	0	-118.0864097
76	33	0	-5.55493834
138	51	0	27.49552434
126	49	0	7.670515561
70	2	0	1567.580121
146	51	0	-519.3599042
20	51	0	-12.22023304
8	80	0	58.33473769
64	29	0	223.249353
146	134	-1	-7076.653307
36	52	-2	-5304.518664
96	123	-3	-226.8761396
49	51	-3	-82.48657302
70	72	-3	-6.371638562
3	121	-3	-79.72227658
55	72	-3	18.05297593
3	126	-3	-1039.714152
46	51	-3	-308.5608843
54	51	-3	-42.77081564
30	75	-3	-2465.053803
74	33	-3	-83.3240751
149	125	-3	-516.6063959
30	144	-3	-901.6229213
93	101	-3	-28.09856978
92	82	-3	-71.01845934
29	37	-3	-1244.047874
122	101	-3	-66.23234306
52	83	-3	-45.34765455
35	10	-3	-124.5433411
122	138	-3	-95.00285009
32	126	-3	-51.25351453
29	133	-3	-43.44300278
50	80	-3	-129.6327504
97	4	-3	-374.6599554
35	80	-3	-84.26128777
122	121	-3	-173.9395125
1	123	-3	-25.20845996
26	101	-3	-80.28162795
29	82	-3	-76.48141775
38	125	-3	-249.9708367
68	26	-3	-183.8173858
29	45	-3	-32.22237737
31	121	-3	18.11869922
26	123	-3	-53.21785991
30	72	-3	-11.68133736
13	55	-3	-166.3693054
80	72	-3	-24.42461449
93	100	-3	-72.20737959
35	101	-3	-102.3590756
145	72	-3	-25.48655425
49	72	-3	-104.0700965
31	72	-3	18.05297593
143	31	-3	-83.81298808
19	37	-3	-150.143709
52	91	-3	-72.51865341
29	63	-3	-190.7701913
92	33	-3	-94.43395178
29	123	-3	-72.82443988
34	72	-3	-12.74327712
50	72	-3	-33.98207233
36	26	-3	-3007.920858
19	51	-3	-103.8719808
17	138	-3	-47.50142504
29	77	-3	-293.9419055
143	120	-3	-91.08361476
132	126	-3	-87.86316776
21	121	-3	-57.97983751
37	11	-3	-14.70155837
39	121	-3	-18.11869922
126	33	-3	-199.9777802
97	68	-3	-628.7251968
52	121	-3	-148.5733336
77	79	-3	-612.1540402
1	10	-3	-249.0866822
149	10	-3	-477.4161408
32	10	-3	-134.9219528
71	56	-3	-111.3337787
29	138	-3	-190.0057002
13	33	-3	-605.4882791
17	125	-3	-133.3177796
50	33	-3	-61.10432174
105	51	-3	-94.70680606
112	72	-3	-28.67237353
30	29	-3	-74.416451
94	72	-3	-5.309698802
149	55	-3	-172.106178
46	95	-3	-139.5803285
150	55	-3	-453.2129355
140	72	-3	-13.80521689
116	29	-3	-90.95344011
31	29	-3	24.80548367
140	126	-3	-219.6579194
115	85	-3	-127.0163851
93	51	-3	-48.88093216
46	123	-3	-131.6441798
109	29	-3	-33.07397822
19	101	-3	-14.04928489
72	123	-3	-106.4357198
17	33	-3	-44.43950672
99	55	-3	-131.9480698
102	126	-3	-73.21930647
36	126	-3	-80.54123711
143	25	-3	-128.9957984
55	56	-3	-11.13337787
36	29	-3	-611.8685971
98	51	-3	-103.8719808
98	115	-3	-94.84066768
125	33	-3	-138.8734585
5	126	-3	-410.0281162
119	75	-3	-236.1728195
35	72	-3	16.99103617
45	95	-3	-155.0892539
150	72	-3	-36.10595185
20	72	-3	-1.06193976
27	126	-3	-453.9597001
49	55	-3	-40.15810821
98	72	-3	-10.6193976
29	51	-3	-45.8258739
19	10	-3	-114.1647293
19	123	-3	-193.2648597
38	4	-3	-162.8956328
149	112	-3	-590.7073298
46	55	-3	-1072.795176
149	121	-3	-101.4647156
150	121	-3	-206.5531711
47	68	-3	-2187.963685
45	122	-3	-202.214246
122	11	-3	-139.6648045
45	144	-3	-3806.852334
52	51	-3	-94.70680606
132	26	-3	-334.2134287
28	82	-3	-158.4257939
45	80	-3	-175.0042131
138	84	-3	-37.00870938
45	56	-3	-846.1367179
98	33	-3	-72.21419842
55	120	-3	-63.05788714
48	121	-3	-90.59349611
72	79	-3	-55.65036729
116	72	-3	9.557457844
15	121	-3	-28.98991876
141	126	-3	-51.25351453
59	33	-3	-144.4283968
54	25	-3	-153.5664267
45	7	-3	-239.6548969
96	33	-3	-127.7635818
93	75	-3	-29.52160243
55	51	-3	-39.71575738
45	121	-3	-275.4042282
49	126	-3	-7.321930647
99	72	-3	-18.05297593
36	51	-3	-229.1293695
101	33	-3	-105.5438285
104	121	-3	-112.3359352
2	72	-3	-21.23879521
45	55	-3	-63.10559861
2	79	-3	-315.3520813
29	56	-3	-111.3337787
71	80	-3	12.96327504
74	32	-3	-57.79539467
23	121	-3	-148.5733336
39	25	-3	-135.1384555
99	33	-3	-283.3018553
97	125	-3	-49.99416735
34	51	-3	-9.16517478
72	11	-3	-73.50779183
132	64	-3	-289.9643344
149	33	-3	-461.0598822
45	137	-3	-196.1433317
72	32	-3	-255.2629931
46	116	-3	-209.0901963
92	11	-3	-66.15701264
5	121	-3	-43.48487813
71	121	-3	-25.36617891
99	121	-3	-14.49495938
90	145	-4	-637.3821882
90	73	-4	-2696.128553
102	45	-5	-14.32105661
71	62	-5	-44.95068909
145	73	-5	-570.4383765
132	58	-5	-1817.657242
108	33	-5	-127.7635818
52	33	-5	-122.2086435
27	145	-5	-19.39858834
48	49	-5	-46.02309337
138	145	-5	74.82312644
43	20	-5	-33.42854278
147	32	-5	-134.8559209
55	103	-5	-416.8820557
45	70	-5	-493.4424101
23	108	-5	-977.2966471
141	73	-5	-37.67045883
84	20	-5	-74.28565061
84	40	-5	-192.504735
46	145	-5	24.94104215
122	43	-5	-1207.670109
2	71	-5	-211.4947391
134	135	-5	-76.27681947
138	73	-5	0
26	73	-5	16.14448235
4	145	-5	-96.99294169
116	45	-5	-64.44475473
4	135	-5	-119.8635735
23	40	-5	-55.88847145
145	49	-5	-178.9786964
32	74	-5	-1281.816517
138	33	-5	-138.8734585
45	43	-5	-147.4480948
116	79	-5	-463.7530608
52	73	-5	-123.7743647
136	40	-5	-55.88847145
1	73	-5	-86.10390589
32	75	-5	-295.2160243
13	103	-5	-633.6607247
19	103	-5	-100.0516934
104	109	-5	-139.5517597
122	103	-5	-600.3101602
19	145	-5	5.542453811
108	43	-5	-56.17070277
141	32	-5	-452.7305916
19	33	-5	-238.8623486
52	75	-5	-118.0864097
149	135	-5	-152.5536389
26	145	-5	-22.16981524
132	145	-5	-121.9339838
13	74	-5	-183.1166453
71	45	-5	-153.9513585
104	20	-5	-22.28569518
23	73	-5	-301.3636706
70	130	-6	-148.9203276
39	28	-6	-2278.942571
39	48	-6	-684.5086302
31	65	-6	-1207.557892
71	127	-7	-1794.795094
102	52	-7	-1252.455796
