O, D, AMOEBA, FlowValue
89, 11, 0, -56.80688499
149, 87, 0, 3.147390734
63, 76, 0, 205.5485255
40, 49, 0, -83.38544924
1, 64, 0, 64.32447605
147, 33, 0, -118.7701352
148, 145, 0, 33.29706173
59, 131, 0, 202.4510069
95, 138, 0, 133.5963347
133, 30, -5, -263.3391403
13, 131, 0, 4.438252589
19, 91, 0, 6.201596539
98, 45, 0, 802.2999265
134, 55, 0, 123.3373181
123, 31, 0, 285.3124372
13, 20, 0, 37.72514701
52, 17, 0, 144.8880779
96, 123, 0, -565.3029605
8, 87, 0, -9.804402177
45, 78, 0, 8.716490542
13, 101, 0, 17.75301036
71, 100, 6, 215.3847643
104, 100, 0, 88.79483214
149, 80, 0, 3.147390734
43, 120, 0, 27.85737026
44, 138, 0, -213.3828716
135, 93, 0, -176.4638716
104, 122, 0, 36.99784673
143, 45, 0, 67.10122699
150, 49, 0, 71.14821359
71, 33, 0, 31.46069591
44, 25, 0, 87.86353538
138, 82, 0, 48.91628201
104, 137, 0, 5.549677009
51, 121, 0, 179.9811838
108, 126, 0, 7.920867367
71, 138, 0, -217.8048178
112, 121, 0, -2.12095375
119, 83, 0, -8.619649353
49, 51, 0, -178.3673442
123, 20, 0, 29.46889023
38, 31, 0, 18.81927847
23, 84, 0, 36.51074146
32, 68, 0, 35.72187661
110, 72, 0, -345.2236736
99, 108, 0, -228.9013669
46, 30, 0, -16.23180577
11, 72, 0, -8.535154166
1, 82, 0, 116.9535928
27, 72, 0, 239.7206165
138, 44, 0, 2.223467364
123, 45, 0, 68.31424553
25, 2, 0, -25.49728818
13, 123, 0, 35.50602071
102, 51, 0, 217.2304476
70, 72, 0, -59.11155335
75, 31, 0, -69.50075292
44, 120, 0, -112.9674026
135, 83, 0, -114.1825052
48, 123, 0, 42.99292152
29, 55, 0, 4.070401667
124, 123, 0, 252.2577065
16, 20, 0, 363.3249423
145, 109, 0, 15.32998337
54, 33, 0, -8.231627009
79, 91, 0, 308.0588187
26, 85, 0, 103.5657694
148, 29, 0, 7.991294816
49, 45, 0, -112.3053649
13, 63, 0, 2.662951553
108, 131, 0, 118.8130105
146, 23, 0, -84.38818565
3, 121, -4, -172.0066926
82, 47, 0, -11.24707576
71, 83, 0, -101.6422483
1, 51, 0, 27.28917166
26, 45, 0, 231.2968851
100, 20, 0, -15.57782839
12, 72, 0, -210.441117
124, 114, 0, 645.7797286
112, 31, 0, 80.59624252
2, 82, 0, 67.46659131
137, 119, 0, -71.13488597
122, 72, 0, 353.7389779
30, 49, 0, 49.16541705
37, 33, 0, -86.77354275
29, 59, 0, 20.35200834
5, 72, 0, 138.6501026
133, 131, 0, 202.5685695
45, 33, -4, 1.867819402
119, 62, 0, 301.6877273
31, 82, 0, 121.6009393
87, 17, 0, 2155.532964
55, 72, 0, 63.10342652
3, 126, -4, -1110.225016
95, 49, 0, 23.57582378
102, 45, 0, -27.15380595
1, 52, 0, 58.47679641
115, 146, 0, 279.7345065
63, 105, 0, 44.96373996
46, 51, 0, -65.57649531
29, 9, 0, 4.884482001
53, 131, 0, 43.84979254
54, 51, 0, -38.41425937
112, 22, 0, 4.241907501
2, 45, 0, 7.637727318
72, 45, 0, 37.76435045
134, 123, 0, 281.4620848
122, 83, 0, 22.96074502
136, 45, 0, -260.738155
52, 77, 0, -93.93842416
128, 32, 0, -26.34282553
112, 101, 0, -42.41907501
94, 21, 0, 381.9863289
59, 21, 6, 236.1928413
25, 101, 0, 14.56987896
30, 75, -4, -2052.656162
13, 49, 0, 26.18569027
74, 33, -4, -165.9402173
4, 121, 0, 79.70736361
135, 41, 0, -62.28136645
48, 145, 0, 230.3192224
124, 17, 0, 797.1343525
116, 83, 0, 67.70538004
58, 86, 0, 151.7220452
149, 125, 0, -12.1961391
150, 101, 0, 75.10089212
82, 31, 0, -213.6944394
30, 144, -4, -110.6221884
50, 137, 0, 366.9924565
145, 80, 0, 13.13998574
93, 101, 0, -82.20207619
55, 41, 0, 40.83162892
135, 145, 0, 145.3231884
84, 18, 0, 177.6877791
92, 82, 0, -190.0001462
39, 128, 0, -111.9800356
149, 21, 0, 19.67119209
60, 11, 0, -213.5549127
25, 31, 6, 342.3921556
99, 32, 0, 46.71456467
135, 38, 0, -31.14068323
122, 131, 0, 9.327802664
50, 49, 0, 22.18086275
124, 40, 0, -50.45154129
71, 62, 0, -12.10026766
39, 17, 0, -45.70613696
80, 78, 0, 85.58454242
103, 52, 0, -200.4900869
145, 73, 0, -116.0698741
90, 72, 0, 94.84537945
93, 126, 0, 88.07365306
97, 123, 0, -74.13997628
29, 37, 0, -47.21665934
150, 123, 0, 146.2491057
122, 101, 0, -23.6782683
87, 79, 0, -257.3770703
52, 83, 0, -11.14523676
148, 49, 0, 132.5223057
6, 51, 0, -193.7190329
35, 10, 0, -22.8352645
4, 109, 0, 55.18202096
132, 58, 0, -97.94897946
63, 55, 0, -68.51617517
28, 123, 0, -104.9765782
122, 138, 0, -7.175232818
32, 126, 0, -12.50265681
107, 25, 0, -145.1800232
144, 45, 0, 7.42590065
1, 31, 0, 27.28917166
36, 84, 6, 229.7496318
35, 17, 0, -19.02938708
25, 145, 0, 564.5828097
100, 33, 0, 9.346697033
29, 20, 0, -19.537928
25, 32, 0, -47.35210662
148, 73, 0, 15.3166484
4, 131, 0, 7.357602795
66, 27, 0, 29.99730024
29, 133, 0, -4.884482001
52, 90, 0, 1.592176681
148, 56, 0, 15.98258963
84, 32, 0, -201.1559763
50, 80, 0, -40.32884137
35, 51, 0, 93.2439967
147, 128, 0, 608.6969432
108, 33, 0, -36.43598989
132, 33, 0, 15.54745706
23, 135, 0, 2.086328083
53, 118, 0, 230.2114108
146, 133, 0, 75.94936709
97, 4, 0, -341.0438909
44, 82, 0, -87.86353538
137, 11, 0, 106.702329
46, 79, 0, 6.492722308
122, 4, 0, 18.65560533
125, 25, 0, 63.42662333
145, 59, 0, 16.42498218
54, 31, 0, 74.08464308
2, 49, 0, 20.36727285
148, 80, 0, 1.997823704
4, 138, 0, 51.50321956
52, 33, 0, -35.02788697
59, 49, 0, 67.48366895
6, 45, 0, -59.60585628
45, 126, 0, 42.33723977
119, 27, 0, -129.2947403
32, 29, 0, 5.358281492
87, 50, 0, 250.9426435
17, 146, 0, -67.30909458
146, 109, 0, -210.9704641
38, 39, 0, 602.216911
149, 32, 0, 14.95010599
45, 143, 0, 3.113032336
28, 73, 0, 61.9533904
54, 103, 0, 5.487751339
149, 145, 0, 37.76868881
80, 51, 0, 35.24069394
133, 55, 0, 1073.613418
122, 51, 0, 63.85957208
93, 73, 0, 58.71576871
138, 21, 0, 26.68160837
122, 126, 0, 20.80817517
123, 100, 0, 21.43192017
35, 80, 0, -24.73820321
91, 31, 0, 58.98603014
20, 17, 0, -129.3460265
81, 101, 0, 389.3249608
45, 119, 0, 11.82952288
144, 131, 0, 10.39626091
35, 33, 0, -277.8290514
146, 100, 0, 126.5822785
3, 72, 0, 265.828525
149, 41, 0, 8.65532452
8, 29, 0, -39.21760871
28, 64, 0, 44.74411529
32, 131, 0, 12.50265681
71, 34, 0, 16.94037472
44, 64, 0, -238.4867389
122, 22, 0, 10.76284923
52, 128, 0, 15.92176681
112, 32, 0, 137.8619938
2, 3, 0, 2.545909106
41, 100, 0, 99.91008093
122, 121, 0, -34.44111753
87, 83, 0, -128.6885351
91, 20, 0, 2123.497085
108, 50, 0, 26.93094905
131, 119, 2, 8797.814208
43, 137, 0, -17.90830946
6, 31, 0, 29.80292814
46, 134, 0, 5.843450077
50, 125, 0, 149.2167131
31, 45, 0, 348.0302744
70, 120, 0, 98.51925559
4, 96, 0, 35.56174684
149, 50, 0, 18.49092056
23, 146, 0, 40.68339763
63, 43, 0, 25.69356569
11, 49, 0, 21.33788542
1, 123, 0, -17.54303892
39, 50, 0, 2.285306848
80, 33, 0, 25.17192424
26, 101, 0, -138.0876926
27, 145, 0, -19.0686854
137, 62, 0, 355.6744299
122, 17, 0, 53.09672286
16, 83, 0, -1712.817585
48, 138, 0, 64.48938228
134, 72, 0, 635.6615624
52, 62, 0, 46.17312374
126, 29, 0, -135.3195232
56, 57, 0, 168.9207023
43, 142, 0, 9.949060809
46, 137, 0, 3.246361154
13, 64, 0, 101.192159
126, 108, 0, 304.4689273
4, 72, 0, 214.5967482
132, 5, 0, 17.10220276
43, 31, 0, 51.73511621
104, 31, 0, -105.4438632
32, 145, 0, 48.22453343
70, 130, 0, -59.11155335
54, 72, 0, 24.69488103
110, 21, 0, -125.5358813
2, 98, -4, 3.818863659
148, 133, 0, 33.96300297
39, 43, 0, -13.71184109
48, 49, 0, -55.27661339
128, 121, 0, 19.75711915
98, 1, 0, -89.14443627
145, 145, 0, 101.8348895
64, 145, 0, 468.8620442
102, 130, 0, 156.1343842
45, 32, 0, 52.29894325
141, 51, 0, 36.80037469
35, 71, 0, 38.05877416
146, 62, 0, 33.75527426
81, 72, 0, 439.5604396
28, 62, 0, 3.441855022
138, 145, 0, 60.03361883
13, 121, 0, 70.56821616
71, 120, 0, 29.04064238
43, 20, 0, -17.90830946
8, 50, 0, -61.0051691
68, 20, 0, -78.41445963
148, 140, 0, 3.329706173
80, 31, 0, 110.7564667
44, 45, 0, 389.1099424
122, 35, 0, -5.740186255
69, 51, 0, -191.1406317
46, 100, 0, -14.28398908
55, 17, 0, -3.711966266
132, 100, 0, 24.87593129
25, 38, 0, -189.4084265
45, 91, 0, 11.82952288
146, 72, 0, -675.1054852
39, 72, 0, 114.2653424
4, 62, 0, 36.78801397
132, 11, 0, 26.430677
48, 80, 0, 55.27661339
29, 82, 0, -11.39712467
140, 123, 0, 200.3062748
90, 32, 0, 99.36182609
145, 128, 0, 18.6149798
104, 80, 0, 68.44601644
27, 100, 0, -10.89639166
122, 42, 0, 5.022662973
103, 124, 0, -200.4900869
13, 137, 0, 17.3091851
52, 100, 0, -251.5639155
145, 17, 0, 20.80497743
113, 82, 0, 128.6642506
138, 48, 0, -48.91628201
12, 140, 0, -226.6288952
106, 51, 0, -93.89450952
91, 112, 0, -117.9720603
96, 101, 0, -13.95809779
11, 61, 0, 72.54881041
53, 17, 0, 465.9040457
82, 72, 0, 101.2236818
49, 145, 0, 66.06197935
13, 107, 0, -5.325903107
89, 10, 0, 795.2963899
38, 125, 0, -282.289177
80, 126, 0, -10.0687697
43, 2, 0, -25.8675581
29, 43, 0, 7.326723001
68, 26, -4, -215.639764
145, 121, 0, 17.51998099
110, 46, 0, -194.580616
147, 32, 0, -207.8477367
148, 146, 0, -30.6332968
115, 33, 0, 101.7216387
29, 45, 0, -7.326723001
46, 124, 0, 0.649272231
122, 53, 0, 10.04532595
13, 130, 0, 11.09563147
52, 99, 0, -12.73741345
128, 78, 0, 13.17141277
148, 1, 0, 12.65288346
45, 60, 0, 31.75292983
31, 121, 0, 20.96567918
55, 103, 0, -92.79915664
45, 77, 0, 14.31994875
13, 100, 0, 3.106776812
90, 131, 0, 27.09867984
3, 146, 0, 93.82183234
43, 123, 0, -13.92868513
46, 20, 0, -11.68690015
110, 49, 0, 62.76794065
41, 33, 0, 974.123289
104, 138, 0, 29.59827738
12, 51, 0, -679.8866856
26, 123, 0, -65.59165398
138, 146, 0, 11.11733682
134, 47, 0, -34.78744869
123, 75, 0, -34.82687027
126, 32, 0, 259.3624195
146, 34, 0, 16.87763713
111, 131, 0, -301.4015171
59, 121, 0, -26.99346758
45, 70, 0, -11.82952288
140, 145, 0, 38.7689564
4, 43, 0, 24.52534265
46, 31, 6, 149.9818853
56, 133, 0, 84.46035114
44, 17, 0, 213.3828716
17, 49, 0, -448.7272972
136, 140, 0, 34.58771444
138, 45, 0, 186.7712586
49, 43, 0, -389.7656782
148, 7, 0, 8.657236051
141, 80, 0, 43.49135191
108, 133, 0, 58.61441851
146, 29, 0, 219.4092827
23, 108, 0, -27.12226508
82, 29, 0, 78.72953032
3, 128, 0, 516.0200779
135, 82, 0, 41.52091097
140, 31, 0, 96.92239101
82, 51, 0, 1034.73097
58, 45, 0, 121.3776362
26, 82, 0, 24.1653462
27, 64, 0, 24.51688123
83, 31, 6, 288.7391723
12, 33, 0, 145.690004
63, 123, 0, -19.27017427
35, 128, 0, 1.902938708
148, 30, 0, 13.98476593
62, 49, 0, 140.6271973
141, 73, 0, -23.41842026
126, 82, 0, 1308.088725
146, 20, 0, 405.0632911
77, 33, 0, 2456.433074
23, 101, 0, 9.388476375
8, 77, 0, -13.07253624
82, 44, 0, 179.9532122
71, 82, 0, 19.36042825
30, 72, 0, -135.2048969
1, 50, 0, 21.44149202
39, 101, 0, 73.12981914
100, 21, 0, -15.57782839
135, 75, 0, 41.52091097
11, 121, 0, 25.6054625
72, 121, 0, 59.34397928
145, 101, 0, 29.56496792
33, 122, 0, 88.25670935
122, 73, 0, 144.2221796
123, 77, 0, 42.86384033
51, 79, 0, 179.9811838
24, 107, 0, -117.7255425
63, 138, 0, 128.4678284
13, 55, 0, -12.87093251
96, 31, 0, 160.5181246
149, 2, 0, -7.081629152
139, 52, 0, 919.8691742
23, 123, 0, 38.59706954
72, 17, 0, 107.8981442
71, 75, 0, 145.2032119
114, 33, 0, 107.35867
135, 64, 0, 72.6615942
20, 131, 0, 129.3460265
144, 72, 0, 86.88303761
145, 94, 0, 15.32998337
93, 107, 0, 264.2209592
83, 45, 0, 914.3407122
51, 84, 0, -130.8954064
6, 70, 0, 74.50732034
45, 25, 0, -1.867819402
84, 20, 0, -67.05199211
123, 51, 0, 24.11091019
13, 48, 0, -70.12439091
141, 123, 0, 46.83684052
35, 31, 0, -39.96171287
6, 114, 0, -208.620497
55, 64, 0, -25.98376386
39, 138, 0, -41.13552327
116, 82, 0, 5.642115003
8, 123, 0, 65.36268118
64, 72, 0, -211.4475886
50, 55, -4, -2.016442069
71, 64, 0, 29.04064238
80, 72, 0, -115.7908515
90, 17, 0, -85.81248617
144, 21, 0, 18.56475163
93, 100, 0, -88.07365306
115, 11, 0, 108.0792412
79, 49, 0, 328.5960733
11, 80, 0, -34.14061666
138, 126, 0, 86.71522719
122, 91, 0, 7.175232818
148, 43, 0, 12.65288346
102, 77, 0, 88.24986932
35, 101, 0, -97.04987412
38, 51, 0, -131.7349493
39, 131, 0, 36.56490957
136, 55, 0, 234.1322209
63, 9, 0, 17.12904379
80, 45, 0, 176.2034697
50, 46, 0, 66.54258826
72, 31, 0, 237.3759171
53, 99, 0, -32.8873444
39, 16, 0, 29.70898903
80, 79, 0, 95.65331212
145, 72, 0, -26.27997149
128, 128, 0, -214.0354574
147, 83, 0, 37.11566727
4, 133, 0, 9.81013706
5, 17, 0, -212.596824
100, 145, 0, 18.69339407
122, 21, 0, -10.04532595
138, 121, 0, 40.02241255
47, 33, 0, 120.0168024
30, 43, 0, -98.33083409
55, 33, 0, 118.7829205
148, 50, 0, -11.98694222
116, 49, 0, 67.70538004
45, 11, 0, 9.961703476
49, 72, 0, -647.4073976
31, 72, 0, 71.28330922
96, 45, 0, 97.70668453
149, 29, 0, 10.62244373
136, 62, 0, 122.3872973
124, 32, 0, 60.54184955
144, 46, 0, -7.42590065
48, 31, 0, 89.05676601
11, 101, 0, 460.898325
12, 109, 0, -744.6377985
125, 31, 0, 158.5665583
143, 31, 0, -383.4355828
128, 135, 0, -23.04997234
19, 37, 0, -8.682235155
137, 146, 0, -124.4860504
122, 109, 0, 1.435046564
52, 91, 0, -14.32959013
108, 72, 0, -76.04032672
55, 62, 0, 74.23932531
23, 17, 0, 33.38124933
84, 33, 0, 63.69939251
31, 49, 0, -117.4078034
29, 63, 0, -8.954883668
35, 50, 0, -83.72930316
92, 33, -4, -248.4617296
149, 38, 0, -2.753966893
43, 50, 0, 47.75549188
8, 16, 0, 3.268134059
29, 123, 0, -21.16608867
50, 32, -4, 26.21374689
89, 75, 0, -28.4034425
100, 48, 0, 146.4315869
140, 49, 0, 116.3068692
143, 100, 0, 81.48006135
126, 60, 0, -78.93638855
112, 51, 0, 63.62861251
134, 100, 0, 41.11243936
34, 72, 0, -262.0888481
25, 64, 0, -25.49728818
64, 37, 0, -202.2542152
10, 33, -4, -1104.897013
84, 40, 0, -103.9305878
50, 72, -4, -64.5261462
149, 47, 0, 0.786847684
43, 43, 0, 135.307227
45, 142, 0, 21.16861989
29, 116, 0, 11.39712467
53, 126, 0, 43.84979254
36, 26, -4, -1060.382916
136, 29, -4, -359.1801115
78, 110, 0, 1264.037225
27, 130, 0, 35.41327289
145, 51, 0, 56.93993822
19, 51, 0, -42.17085647
93, 72, 0, 70.45892245
9, 73, 0, 1452.035973
123, 103, 0, -8.036970062
35, 83, 0, 53.28228383
96, 49, 0, 76.76953785
32, 21, 6, 155.3901633
13, 77, 0, 4.438252589
14, 101, 0, -1663.972616
17, 138, 0, -56.09091215
146, 101, 0, 194.092827
75, 73, 0, 231.6691764
149, 40, 0, 1.180271525
63, 45, 0, 261.2179178
29, 77, 0, -49.65890034
139, 78, 0, 1073.180703
70, 145, 0, 68.96347891
2, 145, 0, 154.0275009
97, 21, 0, -148.2799526
78, 113, 0, 567.9007822
79, 109, 0, 102.6862729
26, 27, 0, 186.418385
64, 79, 0, 358.5415632
123, 143, 0, 1.33949501
135, 33, 0, 186.8440994
112, 33, 0, 61.50765876
112, 73, 0, 6.362861251
148, 103, 0, 20.64417828
61, 120, 0, -107.7884882
11, 31, 0, 93.88669583
138, 29, 0, 406.8945276
87, 82, 0, 32.17213378
56, 51, 0, 401.1866679
64, 51, 0, 110.320481
46, 135, 0, 5.194177846
84, 62, 0, 77.10979093
32, 44, 0, 64.2993779
13, 70, 0, 1.775301036
70, 121, 0, 334.965469
46, 33, 0, 106.4806458
149, 49, 0, 49.57140407
132, 31, 6, 1114.752671
135, 2, 0, 41.52091097
11, 48, 0, 17.07030833
39, 45, 0, 134.833104
100, 45, 0, 267.9386483
123, 132, 0, -5.357980042
107, 6, 0, -483.9334108
145, 45, 0, 119.3548705
148, 110, 0, 9.98911852
77, 128, 0, -208.5650723
150, 131, 0, 43.47946386
145, 146, 0, 29.56496792
9, 123, 0, -421.5588309
88, 17, 0, 461.3113544
141, 57, 0, -6.690977217
25, 91, 0, -262.2578213
28, 32, 0, 6.883710044
38, 73, 0, -150.5542278
149, 58, 0, 5.901357627
13, 56, 0, 0.887650518
116, 131, 0, 25.38951751
7, 44, 0, -97.73140965
135, 123, 0, 62.28136645
32, 146, 0, -7.144375323
1, 115, 0, 3.898453094
2, 99, 0, 26.73204561
148, 134, 0, 13.98476593
115, 77, 0, 31.7880121
133, 33, 0, 141.7979986
122, 25, 0, 8.610279382
51, 31, 0, 73.62866609
143, 120, 0, -62.30828221
32, 31, 0, 55.36890875
42, 109, 0, -1230.201445
81, 62, 0, 301.4128728
134, 64, 0, 170.7747481
27, 6, 0, 51.75786038
101, 51, 0, -726.1729829
91, 101, 0, -933.9454772
132, 126, 0, -18.65694847
136, 121, 0, -15.96356051
46, 145, 0, 5.843450077
102, 18, 0, 54.30761189
141, 131, 0, 36.80037469
71, 123, 0, 181.5040149
91, 146, 0, 78.64804019
8, 51, 0, -7.625646137
36, 62, 0, 88.365243
147, 21, 0, -51.96193417
21, 121, -7, -337.3534621
118, 45, 0, 367.2781998
122, 32, 0, 25.83083815
16, 66, 0, 311.4213791
145, 31, 0, 33.94496317
136, 145, 0, 106.4237368
27, 31, 0, 8.172293745
88, 31, 0, -1168.655431
123, 80, 0, 64.2957605
95, 123, 0, 204.3238061
132, 101, 0, -7.773728529
150, 73, 0, 35.57410679
139, 29, 0, -638.7980376
32, 49, 0, 100.0212545
71, 112, 0, 29.04064238
146, 73, 0, 168.7763713
40, 17, 0, 55.59029949
39, 75, 0, 6.855920544
116, 145, 0, 42.31586252
99, 123, 0, 70.071847
100, 75, 0, 71.65801059
46, 11, 0, 44.15051169
90, 33, 0, -130.9769526
145, 135, 0, 6.569992872
97, 49, 0, 59.31198102
136, 138, 0, -630.5606402
27, 103, 0, 43.58556664
122, 43, 0, -123.4140045
52, 101, 0, 50.94965378
108, 10, 0, 60.19859199
128, 72, 0, 105.3713021
148, 123, 0, 42.62023902
5, 105, 0, -18.48668035
149, 122, 0, 5.114509943
27, 20, 0, 70.82654579
138, 49, 0, 68.92748828
139, 133, 0, -25.5519215
8, 145, 0, -3.268134059
146, 49, 0, -582.278481
3, 31, 0, -234.5545809
132, 108, 0, 12.43796565
25, 46, 6, 258.6153516
8, 82, 0, -41.39636475
64, 31, 0, 147.0939747
45, 83, 0, 9.339097009
32, 72, 0, 137.529225
39, 64, 0, 36.56490957
150, 77, 6, 454.5580312
8, 33, -4, -163.4067029
48, 72, 0, 92.12768898
144, 118, 0, 1.48518013
145, 120, 0, 8.759990495
58, 17, 0, -212.4108633
122, 50, 0, 55.96681598
86, 20, 0, -209.4679514
123, 137, 0, 1.33949501
73, 33, -4, -397.3509934
37, 11, 0, -43.38677137
81, 33, -4, -87.91208791
63, 145, 0, -21.41130474
92, 101, 0, -263.0771254
123, 17, 0, 8.036970062
91, 72, 0, 314.5921608
146, 40, 0, -118.1434599
108, 40, 0, 34.85181641
106, 84, 0, -70.42088214
82, 64, 0, 483.6242577
46, 131, 0, 11.03762792
13, 99, 0, 17.3091851
90, 128, 0, 135.4933992
40, 31, 0, -92.65049915
39, 121, 0, -11.42653424
4, 45, 0, 166.77233
46, 21, 0, 7.791266769
11, 85, 0, -247.5194708
13, 71, 0, -8.876505178
144, 109, 0, -19.30734169
2, 71, 0, -10.18363642
80, 5, 0, 60.41261818
81, 137, 0, 62.79434851
33, 145, 0, 44.12835467
149, 56, 0, 0
21, 56, -2, -5250.063254
30, 109, 0, 294.9925023
13, 11, 0, 23.52273872
126, 33, -4, -405.9585697
23, 86, 0, 4.172656167
8, 64, 0, -14.16191426
124, 15, 0, -60.54184955
31, 145, 0, 113.2146676
78, 55, 0, -183.1938007
139, 126, 0, -408.8307441
93, 31, 0, 52.84419184
97, 68, 0, -370.6998814
81, 130, 0, 50.23547881
26, 72, 0, -48.33069241
138, 91, 0, 406.8945276
23, 11, 0, 31.29492125
52, 114, 0, 50.94965378
148, 16, 0, 1.997823704
141, 79, 0, 190.6928507
55, 116, 0, 66.81539278
2, 10, 0, 11.45659098
82, 50, 0, -11.24707576
63, 20, 0, 21.41130474
102, 49, 0, 135.7690297
143, 140, 0, 71.89417178
75, 17, 0, -69.50075292
115, 134, 0, 57.21842179
80, 100, 0, 20.13753939
26, 32, 0, 62.13946167
63, 101, 0, 32.11695711
46, 39, 0, 16.23180577
68, 112, 0, -529.2976025
26, 83, 0, 31.06973083
52, 121, -4, -65.27924391
148, 31, 0, 295.6779082
77, 79, -4, -764.7385984
10, 24, 0, 163.6884463
36, 123, 0, -58.910162
141, 72, 0, 23.41842026
55, 77, 0, -48.25556145
3, 123, 0, 203.2806367
60, 120, 0, -330.0394106
63, 29, 0, 42.82260948
28, 17, 0, -15.4883476
124, 29, 0, 363.2510973
71, 77, 0, -14.52032119
51, 33, 0, 49.0857774
145, 100, 0, 53.65494178
112, 17, 0, -16.96763
93, 17, 0, 223.1199211
61, 72, 0, 708.324351
47, 21, 0, -100.014002
108, 101, 0, 107.7237962
128, 43, 0, 59.27135745
19, 121, 0, 23.56606685
148, 38, 0, 13.98476593
45, 31, 0, 37.35638804
29, 132, 0, -4.884482001
91, 84, 0, -511.2122612
23, 125, 0, 6.25898425
26, 131, 0, 75.94823092
84, 125, 0, -16.76299803
34, 49, 0, 131.0444241
101, 49, 0, 358.8148857
1, 10, 0, -46.78143713
8, 36, 0, 9.804402177
100, 29, 0, 68.54244491
46, 49, 0, 46.09832838
144, 73, 0, 4.45554039
145, 93, 0, 5.47499406
19, 17, 0, 192.2494927
137, 126, 0, -49.79442018
122, 81, 0, 40.18130378
63, 131, 0, 74.93956659
19, 126, 0, 7.441915847
148, 45, 0, 84.5745368
59, 23, 0, 101.2255034
23, 5, 0, 16.69062467
84, 21, 0, 56.9941933
123, 50, 0, 32.14788025
87, 40, 0, -83.64754784
146, 7, 0, -185.6540084
39, 133, 0, 77.70043284
149, 10, 0, -18.09749672
25, 20, 0, 21.85481844
136, 49, 0, 42.5694947
28, 103, 0, 15.4883476
104, 48, 0, 33.29806205
50, 52, 0, 46.37816758
107, 45, 0, -193.5733643
144, 49, 0, 57.17943501
57, 94, 0, 151.765795
149, 123, 0, 25.17912588
80, 73, 0, 45.30946364
99, 138, 0, -107.4434987
46, 56, 0, 16.23180577
144, 64, 0, -1.48518013
128, 138, 0, 405.0209425
148, 69, 0, -16.64853087
22, 33, 0, 1617.679673
40, 98, 0, 1005.257916
78, 91, 0, -1190.759705
19, 135, 0, 9.922554462
131, 20, 0, 655.7377049
23, 2, 0, 14.60429658
45, 17, 0, -3.735638804
49, 86, 0, 178.3673442
32, 10, 0, -23.2192198
87, 33, 0, 96.51640135
74, 91, 0, 486.7579707
95, 33, 0, 117.8791189
134, 146, 0, 31.62495335
135, 32, 0, 311.4068323
121, 17, -5, -147.7486795
104, 55, 0, 53.64687775
32, 121, 0, 10.71656298
144, 40, 0, -34.15914299
71, 56, 0, -24.20053532
110, 109, 0, -50.21435252
26, 4, 0, 51.78288472
137, 31, 0, -106.702329
46, 67, 0, 23.37380031
19, 31, 0, 115.3496956
147, 82, 6, 193.0014698
97, 121, 0, 637.603796
78, 133, 0, 36.63876014
100, 146, 0, 299.0943051
29, 138, 0, -16.28160667
87, 73, 0, 128.6885351
108, 82, 6, 140.9914391
91, 10, 0, 108.1410553
148, 51, 0, 19.97823704
116, 50, 0, 14.10528751
6, 49, 0, 59.60585628
13, 33, -4, -48.37695322
87, 62, 0, 90.0819746
149, 28, 0, 0.786847684
82, 17, 0, 213.6944394
63, 49, 0, 85.64521896
104, 62, 0, 351.4795439
124, 33, 0, -20.18061652
146, 136, 0, -227.8481013
2, 133, 0, 14.00250008
150, 117, 0, 104.7459811
26, 15, 0, -141.5398849
46, 74, 0, 51.29250623
11, 100, 0, 29.87303958
17, 125, 0, -89.74545944
97, 114, 0, -74.13997628
137, 145, 0, -10.6702329
29, 131, 0, 128.6246927
108, 73, 0, 17.42590821
120, 60, 0, -500.4086671
50, 78, 0, 4.032884137
141, 101, 0, 73.60074939
146, 112, 0, 497.8902954
40, 72, 0, 120.4456489
149, 37, 0, 83.40585446
8, 17, 0, 4.357512078
63, 62, 0, -2.141130474
50, 33, -4, -22.18086275
80, 62, 0, 90.61892727
100, 49, 0, 12.46226271
78, 72, 0, -91.59690036
12, 101, 0, -339.9433428
108, 49, 0, 50.69355115
54, 29, 0, 32.92650803
19, 45, 0, 102.9465025
148, 82, 0, 67.92600594
24, 32, 0, 196.2092375
100, 128, 0, -165.1249809
108, 64, 0, -11.08921431
50, 123, 0, 24.19730482
59, 51, 0, 74.23203585
6, 35, 0, 52.15512424
45, 124, 0, 2.490425869
50, 73, 0, 18.14797862
126, 121, 0, 169.149404
79, 33, -4, -82.14901832
8, 24, 0, -177.5686172
134, 135, 0, -22.13746735
28, 75, 0, 187.5810987
11, 5, 0, 315.8007042
139, 72, 0, 1354.25184
75, 32, 0, 23.16691764
26, 17, 0, -44.87850009
137, 50, 0, -39.12418728
46, 84, 0, 28.56797815
11, 146, 0, 29.87303958
105, 51, 0, -977.7637597
15, 49, 0, 152.5397875
112, 72, -4, -57.26575126
77, 141, 0, 208.5650723
137, 131, 0, 124.4860504
30, 29, 0, -110.6221884
94, 72, 0, -100.5227181
109, 71, 0, -35.22242964
59, 72, 0, 107.9738703
25, 72, 0, -630.1472651
79, 133, 0, -61.61176374
89, 43, 1, 4601.357685
96, 51, 0, 97.70668453
149, 55, 0, -11.80271525
132, 17, 0, 7.773728529
8, 31, 0, 369.2991487
100, 80, 0, 31.15565678
63, 44, 0, -64.23391422
121, 45, 0, -110.8115096
68, 32, -4, -98.01807453
150, 30, 0, 79.05357065
46, 95, 0, -5.843450077
122, 20, 0, -6.457709537
140, 32, 0, 71.07642007
52, 130, 0, 3.184353361
150, 55, 0, -156.130802
64, 133, 0, -55.1602405
118, 72, 0, 26.87401462
87, 123, 0, 186.598376
52, 49, 0, 49.3574771
91, 22, 0, -176.9580904
96, 91, 0, -48.85334227
132, 137, 0, 17.10220276
2, 105, 0, 146.3897736
49, 107, 0, -39.63718761
80, 20, 0, -20.13753939
35, 40, 0, 74.21460962
149, 48, 0, 6.688205311
104, 26, 0, 18.49892336
140, 72, 0, -83.99940554
1, 121, 0, 17.54303892
93, 40, 0, 205.5051905
39, 44, 0, -54.84736436
45, 128, 0, -18.67819402
2, 66, 0, 77.65022773
122, 31, 0, 351.5864081
51, 25, 0, -65.44770319
145, 44, 0, 15.32998337
19, 64, 0, -2.480638616
150, 128, 0, 9.881696332
6, 133, 0, -208.620497
10, 72, 0, 204.6105579
139, 145, 0, -127.7596075
35, 64, 0, 15.22350967
54, 145, 0, 68.59689174
96, 82, 0, -565.3029605
116, 29, 0, -31.03163252
28, 33, 0, 24.09298516
13, 126, 0, 0
8, 114, 0, 96.95464375
43, 17, 0, -35.81661891
63, 82, 0, -276.2058312
28, 80, 0, 99.81379564
85, 33, 0, 184.1469902
53, 72, 0, 224.7301867
93, 33, 0, 64.58734558
150, 40, 0, 94.86428478
75, 33, -4, -440.1714352
84, 114, 0, -63.69939251
137, 37, 0, 39.12418728
46, 105, 0, 10.38835569
27, 45, 0, 160.721777
108, 21, 0, 66.53528588
19, 73, 0, 9.922554462
41, 84, 0, 524.5279249
24, 60, 0, -78.48369501
141, 49, 0, 33.45488609
23, 77, 0, 47.98554592
82, 84, 0, -168.7061364
49, 101, 0, 601.1640121
31, 29, 0, 12.57940751
53, 32, 0, -93.18080914
113, 128, 0, -257.3285013
4, 49, 0, 128.7580489
100, 77, 0, -18.69339407
63, 91, 0, 4.282260948
11, 33, -4, -183.5058146
140, 126, 0, -193.844782
144, 121, 0, 57.92202507
71, 11, 0, 43.56096357
1, 75, 0, 48.73066367
2, 123, 0, -38.18863659
115, 85, 0, -38.14561453
8, 131, 0, 18.51942633
118, 34, 0, 206.0341121
122, 33, 0, 22.24322174
13, 142, 0, 7.545029401
19, 78, 0, 7.441915847
150, 146, 0, 29.64508899
13, 31, 0, 42.16339959
74, 31, 0, -132.7521738
40, 131, 0, -64.85534941
139, 28, 0, -332.1749796
13, 112, 0, 0.443825259
70, 59, 0, 384.2250968
50, 145, 0, 76.62479861
126, 36, 0, 56.38313468
80, 121, 0, 85.58454242
63, 64, 0, 98.49200181
29, 80, 0, 48.84482001
93, 51, 0, -93.94522993
8, 138, 0, -7.625646137
46, 123, 0, -30.51579485
122, 40, 0, 17.22055876
13, 135, 0, 21.74743769
17, 76, 0, 11.21818243
145, 23, 0, 47.08494891
128, 73, 0, 9.878559574
148, 4, 0, 3.995647408
2, 44, 0, 48.37227301
149, 19, 0, 0.393423842
10, 101, 0, 859.3643432
138, 62, 0, 8.893869456
52, 21, 0, -163.9941981
146, 46, 0, 497.8902954
77, 59, 0, -231.7389692
132, 109, 0, 4.664237117
25, 45, 0, 364.246974
32, 73, 0, 16.07484448
12, 56, 5, 2395.791178
146, 65, 0, -126.5822785
4, 39, 0, 6.131335662
71, 145, 0, -12.10026766
48, 73, 0, 21.49646076
29, 41, 0, 55.35746267
143, 33, 0, 115.0306748
110, 44, 0, -1167.483696
2, 77, 0, 28.00500017
138, 73, 0, 0
47, 112, 0, 480.0672094
135, 31, 6, 394.4486542
108, 2, 0, -6.336693893
143, 86, 0, -9.585889571
136, 128, 0, 167.6173854
63, 144, 0, -32.11695711
101, 45, 0, -42.71605782
13, 17, 0, 10.20798095
108, 145, 0, 294.656266
109, 29, 0, -140.8897186
146, 41, 0, 25.3164557
45, 75, 0, 7.471277607
1, 45, 0, -35.08607784
129, 16, 0, 18.15771794
4, 46, 0, 77.25482935
48, 64, 0, 18.4255378
104, 125, 0, 12.94924635
103, 31, 0, -334.1501448
33, 39, 0, -80.90198357
146, 138, 0, 708.8607595
84, 131, 0, 50.28899409
104, 140, 0, 42.54752373
108, 121, 0, 17.42590821
19, 101, 0, -8.682235155
148, 10, 0, 4.661588643
82, 145, 0, 247.4356667
134, 45, 0, -72.73739271
45, 51, 0, 41.09202684
119, 44, 0, -51.71789612
138, 32, 0, 0
49, 48, 0, -105.699167
13, 10, 0, 13.75858303
108, 136, 0, 102.9712758
91, 64, 0, -58.98603014
45, 68, 0, 5.603458205
50, 17, 0, 108.8878717
4, 21, 0, 96.87510347
80, 110, 0, 80.55015758
143, 49, 0, 28.75766871
46, 29, 0, 59.083773
11, 77, 0, -153.632775
144, 101, 0, 55.69425488
143, 55, 0, 76.68711656
54, 45, 0, 19.20712969
93, 30, 0, -64.58734558
26, 73, 0, 10.35657694
9, 55, 0, 437.1721209
84, 138, 0, 40.23119527
148, 17, 0, -111.2121862
24, 31, 0, 1294.980968
45, 44, 0, 13.07473581
138, 43, 0, 62.25708619
123, 46, 0, -16.07394012
13, 3, 0, 11.98328199
96, 29, 0, 690.9258406
74, 51, 0, 132.7521738
8, 72, 0, -117.6528261
64, 101, 0, 128.7072278
148, 60, 0, 16.64853087
17, 82, 0, 89.74545944
44, 10, 0, -37.65580088
83, 33, 0, -48.12319538
84, 145, 0, 13.41039842
12, 35, 0, 80.93889114
91, 33, -4, -98.31005024
134, 31, 6, 322.5745242
122, 108, 0, 25.11331486
67, 72, 0, -108.9443294
45, 135, 0, 4.358245271
126, 80, 0, -169.149404
149, 7, 0, 10.22901989
135, 52, 0, -10.38022774
57, 83, 0, -166.9423745
80, 92, 0, 231.581703
43, 96, 0, -15.91849729
50, 146, 0, 90.73989309
63, 72, 0, -36.39921806
72, 123, 0, -205.0064739
145, 91, -4, -2.189997624
122, 142, 0, 4.305139691
22, 20, 0, 1369.809401
79, 45, 0, -677.7294011
27, 91, 0, 19.0686854
17, 33, -4, -89.74545944
128, 44, 0, -135.0069808
6, 77, 0, 111.7609805
120, 33, 0, 300.2452002
123, 60, 0, 36.16636528
55, 69, 0, -103.9350554
95, 50, 0, -15.71721585
132, 72, 0, 9.328474235
99, 55, 0, -107.4434987
135, 45, 0, 1608.9353
80, 43, 0, -196.3410091
124, 21, 0, -50.45154129
89, 109, 0, -596.4722924
90, 101, 0, -63.23025297
53, 31, 6, 920.8456432
110, 45, 0, 37.66076439
39, 28, 0, -45.70613696
149, 113, 0, 11.80271525
102, 126, 0, -67.88451486
26, 51, 0, 20.71315389
51, 41, -5, -261.7908128
90, 20, 0, -135.4933992
143, 2, 0, 335.506135
2, 40, 0, 34.36977293
4, 145, 0, -42.91934964
5, 45, 0, 120.1634223
61, 64, 0, -30.79671091
27, 80, 0, 155.2735812
119, 131, 0, -34.47859741
55, 45, 0, -22.27179759
116, 45, 0, -50.77903503
118, 61, 0, 53.74802924
141, 121, 0, 20.07293165
70, 33, 0, -384.2250968
1, 145, 0, 29.2383982
97, 133, 6, 578.2918149
8, 125, 0, -15.25129227
104, 49, 0, 88.79483214
124, 44, 0, -110.9933908
107, 44, 0, 314.556717
39, 21, 0, 63.98859175
95, 72, 0, 652.2644579
29, 31, 0, 100.9459613
43, 51, -4, 0
90, 31, 0, -31.61512648
9, 83, 0, -343.4923807
40, 43, 0, 264.0539226
113, 103, 0, -278.772543
62, 40, 0, -522.32959
87, 32, 0, 102.9508281
29, 15, 0, 16.28160667
63, 11, 0, 184.1372208
11, 17, 0, 72.54881041
50, 44, 0, 36.29595724
124, 43, 0, -30.27092478
87, 145, 0, 231.6393632
118, 125, 0, 107.4960585
110, 114, 0, 182.0270279
149, 131, 0, 11.01586757
71, 44, 0, -26.62058885
46, 64, 0, 64.92722308
36, 126, -4, -64.8011782
29, 91, 0, 33.37729367
148, 77, 0, 55.93906371
4, 135, 0, -13.48893846
5, 31, 0, 64.70338121
27, 46, 0, 40.86146872
29, 137, 0, -21.980169
123, 82, 0, -89.7461657
87, 72, 0, -77.21312108
128, 49, 0, 62.56421064
48, 112, 0, 55.27661339
116, 51, 0, 205.9371976
50, 84, 0, 36.29595724
144, 145, 0, 44.5554039
35, 15, 0, 5.708816125
3, 86, 0, 39.09243014
95, 41, 0, -94.30329511
29, 96, 0, 61.87010534
144, 32, 0, -5.94072052
48, 21, 6, 307.0922966
48, 17, 0, 55.27661339
29, 17, 0, -44.77441834
125, 29, 0, -63.42662333
143, 25, 0, -100.6518405
2, 53, 0, 14.00250008
133, 83, 0, 283.5959972
27, 39, 0, 51.75786038
138, 110, 0, 71.15095565
109, 84, 0, -105.6672889
55, 56, 0, -3.711966266
113, 17, 0, -32.16606266
45, 2, 0, 19.30080049
119, 31, 0, -353.4056235
67, 45, 0, -490.2494825
144, 136, 0, 11.13885098
88, 113, 0, 1445.442244
149, 36, 0, 1.180271525
23, 128, 0, 64.67617059
99, 83, 0, 70.071847
28, 77, 0, 73.99988298
29, 121, 0, -163.630147
68, 52, 0, 627.315677
89, 73, 1, 7981.367342
36, 29, 0, -435.9351988
46, 82, 0, 51.29250623
30, 51, 0, 159.7876054
143, 102, 0, 143.7883436
19, 44, 0, 48.372453
6, 145, 0, 141.5639087
27, 60, 0, 73.5506437
101, 29, 0, 68.34569251
1, 44, 6, 161.7858034
23, 40, 0, -9.388476375
45, 123, 0, 11.82952288
66, 128, 0, 409.9631033
89, 33, 0, 227.22754
75, 82, 0, 417.0045175
149, 45, 0, 36.19499345
43, 45, 0, 0
33, 119, 0, -80.90198357
137, 49, 0, 28.45395439
122, 10, 0, 20.09065189
98, 51, 0, -757.7277083
108, 41, 0, -19.01008168
145, 49, 0, -76.64991683
24, 40, 0, -313.93478
98, 115, 0, -66.8583272
104, 126, 0, 14.79913869
47, 62, 4, 2440.341648
123, 121, 0, 41.52434532
52, 43, 0, 82.79318739
23, 33, 0, -27.12226508
28, 44, 0, -29.25576769
84, 49, 0, -40.23119527
31, 33, 0, 75.47644506
146, 55, 0, -92.82700422
92, 49, 0, 482.3080633
40, 55, 0, -41.69272462
149, 54, 0, 2.753966893
45, 133, 0, 4.358245271
29, 75, 0, 30.93505267
32, 134, 0, 16.07484448
90, 75, 0, -72.26314625
71, 31, 0, 16.94037472
150, 31, 6, 310.2852648
7, 73, 0, 97.73140965
11, 138, 0, 98.15427291
140, 33, 0, -6.461492734
52, 131, 0, 60.50271387
108, 32, 0, 50.69355115
150, 142, 0, 17.7870534
6, 131, 0, 163.9161048
118, 73, 0, 80.62204386
123, 126, 0, -37.50586029
141, 62, 0, 6.690977217
52, 50, 0, -19.10612017
23, 62, 0, 66.76249867
136, 77, 0, -18.62415393
45, 109, 0, 82.80666015
66, 146, 0, 49.9955004
32, 46, 0, 19.64703214
89, 51, 0, -85.21032749
35, 43, 0, -13.32057096
149, 63, 0, 0.786847684
117, 48, 0, -616.7074868
136, 6, 0, 47.89068154
63, 84, 0, -27.83469616
139, 121, 0, 357.7269011
124, 70, 0, 423.7929469
89, 92, 0, -198.8240975
90, 82, 0, 551.0064901
71, 20, 0, -43.56096357
2, 102, 0, 17.82136374
11, 131, 0, -443.8280166
103, 82, 0, -423.2568501
125, 33, -4, -396.4163958
108, 31, 6, 156.8331739
84, 126, 0, -10.05779882
5, 126, -4, -517.6270497
34, 83, 0, -21.84073734
96, 83, 0, -90.72763564
149, 75, 0, 9.835596045
43, 131, 0, 344.237504
6, 21, 0, -253.3248892
46, 140, 0, 11.03762792
13, 125, 0, 12.87093251
75, 121, 0, -903.509788
4, 75, 0, 12.26267132
11, 51, 0, 98.15427291
135, 117, 0, -72.6615942
29, 93, 0, 12.211205
85, 32, 0, -40.92155338
140, 64, 0, -90.46089828
36, 49, 0, 88.365243
148, 128, 0, 13.31882469
137, 36, 0, -39.12418728
122, 39, 0, 4.305139691
103, 75, 0, 423.2568501
52, 145, 0, 20.69829685
19, 72, 0, 58.29500747
148, 119, 0, -7.991294816
119, 75, -4, -137.9143896
35, 72, 0, 30.44701933
74, 21, 0, 575.2594199
116, 101, 0, 64.88432254
6, 12, 0, 417.2409939
136, 123, 0, -18.62415393
45, 95, 0, -6.226064673
142, 49, 0, -1004.621258
40, 44, 0, 46.32524958
7, 39, 0, 280.9778028
34, 131, 0, -152.8851614
58, 13, 0, -45.51661356
150, 32, 0, 41.50312459
44, 40, 0, 188.2790044
137, 45, 0, 56.90790878
125, 51, 0, -15.85665583
46, 142, 0, 5.843450077
148, 126, 0, -4.661588643
27, 17, 0, 35.41327289
116, 121, 0, 39.49480502
3, 24, 0, 125.0957765
60, 95, 0, -38.82816595
27, 44, 0, 40.86146872
136, 98, 0, 58.53305521
32, 51, 0, 128.5987558
57, 45, 0, 212.472113
149, 31, 0, 135.7312254
150, 72, 0, -67.19553505
8, 60, 0, -20.69818237
145, 133, 0, 7.664991683
93, 50, 0, -29.35788435
138, 72, 0, 117.8437703
78, 83, 0, 219.8325609
27, 121, 0, 38.13737081
122, 41, 0, 13.63294235
103, 121, 0, 579.1935843
143, 72, 0, -38.34355828
20, 72, 0, -12.93460265
4, 73, 0, 38.01428111
13, 23, 0, 7.98885466
55, 107, 0, 37.11966266
9, 130, 0, 374.7189608
138, 142, 0, 211.2293996
32, 74, 0, -75.01594089
53, 49, 0, 43.84979254
78, 43, 0, -842.6914833
135, 96, 0, 321.78706
29, 40, 0, -7.326723001
69, 145, 0, -501.7441583
143, 32, 0, -67.10122699
92, 131, 0, -219.2309379
150, 50, 0, 73.12455285
79, 72, 0, -246.447055
27, 126, -4, -168.8940707
5, 80, 0, 18.48668035
45, 57, 0, 4.980851738
52, 29, 0, 4.776530042
108, 146, 0, 42.77268378
77, 51, 0, -92.69558769
116, 114, 0, 33.85269002
49, 143, 0, -402.978074
13, 97, 0, 3.106776812
89, 16, 0, -568.0688499
74, 145, 0, -44.25072461
22, 145, 0, -3731.099892
99, 107, 0, -46.71456467
29, 33, 0, 78.96579234
140, 100, 0, 90.46089828
54, 43, 0, 21.95100536
44, 21, 0, -200.830938
137, 64, 0, -60.46465308
106, 145, 0, -187.789019
148, 11, 0, 5.993471112
45, 50, 0, 28.01729103
10, 20, 0, -204.6105579
138, 33, 0, -55.5866841
49, 55, 0, -46.24338554
106, 32, 0, -117.3681369
39, 137, 0, 107.4094219
108, 137, 0, 77.62450019
146, 33, 0, 371.3080169
55, 121, 0, 126.206853
23, 80, 0, 39.64023359
45, 30, 0, 2.490425869
50, 31, 6, 381.107551
57, 64, 0, -303.5315901
149, 101, 0, 26.75282124
63, 126, 0, -12.84678284
104, 101, 0, -11.09935402
16, 17, 0, -259.5178159
90, 56, 0, 112.911166
115, 48, 0, -69.93362663
98, 72, 0, -222.8610907
103, 100, 0, 66.83002896
81, 17, 0, 263.7362637
45, 43, 0, -13.07473581
138, 40, 0, -13.34080418
123, 33, 0, 88.40667069
87, 31, 0, 225.2049365
108, 128, 0, 52.27772462
116, 64, 0, 186.1897951
136, 30, 0, 45.23008812
28, 20, 0, 27.53484018
1, 62, 0, 54.57834331
135, 79, 0, -207.6045548
29, 51, 0, -12.211205
79, 39, 0, -41.07450916
138, 64, 0, 15.56427155
122, 77, 0, 12.91541907
123, 73, 0, 34.82687027
52, 123, 0, 20.69829685
45, 36, 0, 0.622606467
123, 38, 0, 38.8453553
116, 79, 0, -70.52643754
99, 49, 0, -79.41475993
63, 31, 0, 207.689656
141, 77, 0, 36.80037469
124, 31, 0, 554.9669542
4, 4, 0, 76.02856221
46, 44, 0, 2.597088923
19, 10, 0, -13.64351239
22, 21, 0, -26.09160763
79, 44, 0, -328.5960733
66, 51, 0, 59.99460049
34, 40, 0, 546.0184336
128, 45, 0, -23.04997234
19, 123, 0, -85.58203224
148, 32, 0, 2.663764939
147, 73, 0, -51.96193417
13, 52, 0, -13.75858303
146, 10, 0, -101.2658228
38, 4, 0, -188.1927847
96, 27, 0, -6.979048895
104, 133, 0, 14.79913869
96, 138, 0, 20.93714669
149, 112, 0, -13.76983446
53, 33, 0, -27.40612033
100, 31, 6, 233.6674258
137, 19, 0, 46.23767588
46, 55, 0, -121.4139072
27, 82, 0, 38.13737081
145, 83, 0, 14.23498456
36, 73, 0, 300.4418262
4, 146, 0, 18.39400699
51, 89, 0, -40.9048145
52, 73, 0, -36.62006366
19, 128, 0, 44.65149508
111, 51, 0, -150.7007585
59, 41, 0, -53.98693516
82, 138, 0, 213.6944394
102, 73, 0, 67.88451486
123, 52, 0, 9.376465073
13, 45, 0, 0.887650518
38, 63, 0, 112.9156708
39, 135, 0, -27.42368218
4, 123, 0, 13.48893846
8, 126, 0, 19.60880435
136, 51, 0, 268.7199353
28, 97, 0, 5.162782533
104, 50, 0, -9.249461681
25, 15, 0, -47.35210662
144, 51, 0, 32.67396286
39, 20, 0, 43.42083011
149, 121, 0, -11.01586757
150, 121, 0, -112.6513382
51, 49, 0, 327.238516
145, 84, 0, 24.08997386
1, 17, 0, 11.69535928
2, 32, -4, 8.910681871
137, 101, 0, 81.80511887
52, 80, 0, 97.12277752
108, 85, 0, -17.42590821
39, 4, 0, 4.570613696
20, 121, 0, 155.2152318
31, 123, 0, 46.1244942
134, 1, 0, -88.54986939
110, 128, 0, -119.2590872
149, 17, 0, 16.9172252
2, 122, 0, 11.45659098
8, 101, 0, -107.8484239
63, 10, 0, 17.12904379
50, 45, 0, 58.47681999
68, 45, 0, 901.7662857
72, 2, 0, -37.76435045
1, 26, 0, 25.33994511
115, 100, 0, -12.71520484
47, 68, -7, -1740.243634
46, 65, 0, 11.03762792
104, 72, 0, 482.8218998
128, 131, 0, 141.5926872
55, 141, 0, -33.40769639
19, 75, 0, 34.72894062
98, 103, 0, -245.1471998
27, 33, 0, 19.0686854
52, 95, 0, 11.14523676
19, 142, 0, 16.124151
25, 123, 0, 309.6099279
19, 40, 0, -29.76766339
32, 3, 0, 48.22453343
13, 95, 0, 3.99442733
144, 146, 0, 5.198130455
55, 83, 0, -22.27179759
149, 26, 0, 1.573695367
43, 62, 0, 19.89812162
136, 33, 0, -15.96356051
63, 51, 0, 21.41130474
48, 131, 0, 162.7589172
144, 33, 0, 1.48518013
146, 134, 0, -953.5864979
2, 131, 0, -53.46409123
39, 10, 0, 25.13837533
27, 137, 0, 29.96507706
46, 72, 0, -3.895633385
104, 79, -4, -3.699784673
108, 52, 0, -28.51512252
55, 138, 0, 48.25556145
2, 50, 0, 54.73704578
104, 51, -4, -62.89633943
118, 101, 0, 71.66403899
101, 19, 0, -51.25926938
87, 64, 0, 173.7295224
56, 33, 0, -52.78771946
3, 49, 0, 164.1882066
66, 21, 0, 169.9847014
146, 110, 0, 177.2151899
149, 35, 0, 8.65532452
132, 45, 0, 32.64965982
23, 131, 0, -12.5179685
99, 82, 0, 126.1293246
136, 40, 0, -23.94534077
45, 146, 0, -5.603458205
28, 78, 0, 25.81391267
122, 145, 0, 4.305139691
1, 20, 0, -25.33994511
106, 46, 0, -93.89450952
100, 51, 0, 6.231131355
46, 83, 0, 38.30706161
128, 145, 0, 431.3637681
55, 131, 0, 77.95129158
148, 92, 0, 10.65505975
31, 138, 0, -41.93135837
133, 91, 0, 344.3665681
66, 110, 0, -79.99280065
52, 45, 0, 25.47482689
108, 66, 0, -17.42590821
23, 43, 0, 10.43164042
6, 33, -4, -149.0146407
45, 122, -4, -7.471277607
13, 81, 0, 11.98328199
144, 128, 0, 17.82216156
146, 105, 0, -345.9915612
38, 91, 0, 56.45783541
96, 62, 0, -27.91619558
4, 95, 0, 28.20414405
63, 33, -4, -205.5485255
32, 128, 0, -87.5185977
124, 49, 0, 70.63215781
144, 31, 0, 22.27770195
53, 123, 0, 328.873444
54, 123, 0, 5.487751339
57, 120, 0, -182.118954
39, 56, 0, 29.70898903
133, 51, 0, 384.880282
26, 31, 6, 193.3227696
46, 90, 0, 18.82889469
122, 11, 0, -13.63294235
112, 45, 0, 110.289595
138, 17, 0, 53.36321673
122, 122, 0, 30.13597784
23, 32, 0, 16.69062467
28, 45, 0, 134.2323459
31, 32, 0, -41.93135837
89, 41, 0, 142.0172125
74, 72, 0, -77.43876806
40, 56, 0, -50.95777454
131, 45, 0, 327.8688525
60, 43, 0, -601.8365722
23, 145, 0, 16.69062467
8, 1, 0, 20.69818237
45, 132, 0, 13.69734228
121, 51, 0, -332.4345289
104, 21, 6, 234.9363267
124, 72, 0, -30.27092478
72, 62, 0, 113.2930514
93, 45, 0, 117.4315374
39, 49, 0, 4.570613696
115, 64, 0, -69.93362663
7, 72, 0, 219.8956717
123, 128, 0, -42.86384033
126, 143, 0, 552.5547198
55, 145, 0, 278.3974699
2, 31, 0, -58.55590944
17, 62, 0, 302.8909256
24, 48, -1, -6082.486363
6, 128, 0, 514.1005104
45, 144, -4, -23.65904576
52, 51, 0, -49.3574771
50, 121, 0, 330.6964993
132, 26, -4, -31.09491412
28, 91, 0, -170.3718236
53, 77, 0, 169.9179461
39, 46, 0, -29.70898903
48, 62, 0, 82.91492008
122, 29, 0, 3.587616409
83, 128, 0, 1411.613731
128, 17, 0, 135.0069808
35, 66, 0, 13.32057096
128, 21, 0, -378.678117
55, 31, 0, 37.11966266
3, 45, 0, 39.09243014
116, 31, 0, -36.67374752
45, 101, 0, -4.980851738
84, 64, 0, 107.2831874
50, 112, 0, 125.0194083
71, 127, 0, -43.56096357
22, 138, 0, 52.18321527
28, 82, 0, -49.90689782
2, 126, 0, 124.7495462
148, 129, 0, 2.663764939
150, 46, 0, 75.10089212
118, 41, -5, -627.0603411
83, 121, 0, 128.328521
128, 125, 0, -59.27135745
112, 82, 0, 82.71719627
2, 17, 0, 16.54840919
148, 112, 0, 12.65288346
81, 51, 0, -50.23547881
27, 27, 0, 51.75786038
138, 10, 0, 31.1285431
35, 75, 0, -3.805877416
126, 131, 0, 214.2559118
115, 62, 0, -6.357602421
102, 17, 0, 81.46141784
3, 83, 0, 187.6436647
112, 40, 0, 6.362861251
40, 45, 0, 88.0179742
39, 79, 0, -9.141227393
4, 51, 0, 62.53962376
9, 136, 0, 327.8790907
63, 69, 0, -32.11695711
29, 85, 0, 37.44769534
140, 120, 0, 245.5367239
34, 128, 0, -611.5406456
144, 123, 0, 15.59439137
145, 131, 0, 85.40990733
1, 73, 0, -31.18762475
2, 121, 0, 196.0350012
150, 33, 0, -1.976339266
122, 47, 0, -0.717523282
33, 131, 0, 80.90198357
125, 50, 0, -79.28327916
17, 73, 0, 112.1818243
143, 66, 0, -220.4754601
19, 80, 0, 35.96925993
149, 59, 0, 22.42515898
122, 140, 0, 45.20396676
101, 57, 0, 179.4074428
13, 29, 0, 6.657378883
141, 40, 0, -40.1458633
126, 51, 0, 45.10650774
20, 49, 0, -181.0844371
116, 109, 0, 56.42115003
6, 4, 0, -253.3248892
28, 49, 0, 94.65101311
53, 55, 0, 317.9109959
149, 73, 0, 0.786847684
80, 123, 0, -140.9627758
68, 31, 0, 725.3337515
16, 45, 0, 259.5178159
90, 44, 0, -108.3947194
1, 66, 0, -21.44149202
147, 31, 0, 103.9238683
46, 121, 0, 19.47816692
104, 128, 0, 12.94924635
13, 133, 0, 3.550602071
143, 75, 0, -4.792944785
112, 64, 0, 231.1839588
81, 45, 0, 690.7378336
45, 63, 0, 4.980851738
123, 29, 0, -13.3949501
141, 33, 0, -20.07293165
45, 80, 0, -16.81037462
28, 8, 0, 68.83710044
138, 143, 0, 24.458141
32, 75, 0, -35.72187661
13, 103, 0, -16.86535984
149, 82, 0, 23.21200667
150, 64, 0, -138.3437486
99, 101, 0, 14.0143694
63, 75, 0, 17.12904379
46, 17, 0, 26.62016146
36, 83, 6, 648.011782
150, 51, 0, 15.81071413
61, 33, -4, -446.5523082
138, 84, 0, -13.34080418
122, 49, 0, 144.2221796
23, 64, 0, 10.43164042
35, 145, 0, -30.44701933
108, 62, 0, 82.37702061
45, 56, 0, -47.31809151
31, 101, 0, 230.622471
25, 52, 0, 80.13433428
99, 29, 0, 163.5009763
136, 17, 0, -125.0478907
45, 73, 0, 0.622606467
50, 20, 0, 10.08221034
1, 35, 0, 11.69535928
39, 122, 0, 45.70613696
149, 91, 0, 29.90021198
29, 32, 0, 11.39712467
72, 72, 0, 253.5606388
143, 40, 0, 584.7392638
147, 45, 0, 311.771605
134, 110, 0, -110.6873367
83, 21, 0, -352.9034328
88, 72, 0, -215.2786321
46, 63, 0, 0.649272231
145, 7, 0, 18.6149798
19, 103, 0, -7.441915847
148, 20, 0, 50.61153384
98, 33, -4, -289.7194179
45, 49, 0, 41.09202684
10, 21, -5, -1145.819124
65, 93, 0, 517.5618133
72, 145, 0, -53.94907208
35, 103, 0, 5.708816125
146, 30, 0, -50.63291139
55, 120, 0, -33.40769639
60, 101, 0, -77.6563319
149, 100, 0, 3.934238418
48, 121, -4, -76.77307415
11, 79, 0, -17.07030833
72, 79, 0, -16.18472162
39, 31, 0, 45.70613696
61, 51, 0, -184.7802655
137, 72, 0, 256.0855895
80, 84, 0, 231.581703
122, 132, 0, -0.717523282
123, 32, 0, 37.50586029
136, 31, 6, 436.3373207
63, 17, -5, -87.78634944
28, 21, 0, 8.604637555
102, 52, 0, -346.2110258
140, 132, 0, 96.92239101
90, 145, -3, -1038.782727
74, 128, 0, 1670.464854
95, 95, 0, 267.1926695
26, 47, 0, 6.904384629
135, 78, 0, -415.2091097
46, 42, 0, 2.597088923
104, 109, 0, -27.74838504
33, 55, 0, 139.7397898
112, 29, 0, 6.362861251
58, 41, 0, -60.68881809
123, 72, 0, 310.7628424
148, 26, 0, 6.659412347
80, 133, 0, 20.13753939
6, 72, 7, 1706.217636
123, 57, 0, 14.73444511
146, 16, 0, 50.63291139
55, 78, 0, 55.67949398
39, 144, 0, 13.71184109
149, 5, 0, 1.180271525
116, 72, 0, 25.38951751
48, 101, 0, 230.3192224
82, 40, 0, 269.9298182
102, 47, 0, 33.94225743
150, 108, 0, 35.57410679
100, 17, 0, -52.96461652
28, 131, 0, -75.72081049
124, 143, 0, 50.45154129
23, 133, 0, 47.98554592
66, 48, 0, 299.9730024
15, 121, 0, -203.3863833
148, 33, 0, 26.63764939
11, 8, 0, -68.28123333
13, 51, 0, 10.65180621
141, 126, 0, -23.41842026
146, 11, 0, -16.87763713
3, 101, 0, 101.6403184
50, 56, 0, 62.50970413
53, 29, 0, 361.7607884
129, 114, 0, 254.2080511
150, 103, 0, 29.64508899
26, 49, 6, 182.9661927
2, 38, 0, 5.091818212
22, 45, 0, 391.3741145
9, 40, 0, -78.06645016
91, 49, 0, -216.2821105
19, 131, 0, 3.720957923
148, 40, 0, -7.325353581
45, 21, 0, 28.63989749
13, 44, 0, -1.775301036
107, 145, 0, 1185.636856
132, 49, 0, 52.861354
122, 133, 0, -17.93808205
32, 101, 0, 21.43312597
144, 52, 0, -6.683310585
71, 60, 0, 70.18155242
72, 40, 0, -156.452309
150, 126, 0, 17.7870534
28, 145, 0, 44.74411529
2, 33, 0, 40.7345457
5, 20, 0, -46.21670087
27, 43, 0, 78.99883953
138, 122, 0, 6.670402092
122, 103, 0, -25.83083815
123, 95, 0, 25.4504052
141, 31, 6, 531.9326888
112, 145, 0, 4.241907501
59, 33, -4, -175.4575393
23, 31, 0, 54.24453017
84, 31, 0, 6.705199211
54, 25, 0, -68.59689174
96, 42, 0, -20.93714669
149, 16, 0, 10.62244373
8, 102, 0, 18.51942633
134, 145, 0, 50.59992537
29, 101, 0, 10.58304433
2, 137, 0, 12.72954553
117, 73, 0, 35.24042782
43, 73, 0, 17.90830946
7, 103, 0, -24.43285241
104, 73, 0, 11.09935402
17, 121, 0, 44.87272972
19, 32, 0, 7.441915847
93, 121, 0, -76.33049932
149, 51, 0, 11.80271525
97, 126, 0, 874.85172
98, 100, 0, 89.14443627
29, 109, 0, -25.23649034
138, 101, 0, 55.5866841
123, 84, 0, 57.59828545
128, 51, 0, -32.92853191
19, 145, 0, 2.480638616
148, 62, 0, 38.62459161
6, 52, 0, 74.50732034
82, 125, 0, 22.49415152
45, 7, 0, -7.471277607
122, 105, 0, 11.48037251
47, 61, -5, -60.00840118
35, 49, 0, -43.76759029
90, 109, 0, 144.5262925
55, 82, 0, 133.6307856
96, 33, -4, -160.5181246
43, 49, 0, 145.2562878
8, 109, 0, -15.25129227
29, 126, 0, 95.24739901
54, 110, 0, 65.85301607
146, 135, 0, -481.0126582
149, 138, 0, 3.540814576
46, 73, 0, 49.34468954
36, 103, 0, 11.7820324
2, 51, -4, -6.364772765
4, 10, 0, -11.03640419
29, 128, 0, 30.93505267
123, 109, 0, -10.71596008
141, 17, 0, 163.9289418
55, 58, 0, 96.51112291
23, 45, 0, -3.129492125
84, 45, 0, 177.6877791
50, 77, 0, -185.5126703
13, 87, 0, 3.99442733
38, 33, 0, 131.7349493
134, 131, 0, -63.24990671
45, 145, 0, 152.5385845
72, 49, 0, -436.9874838
71, 43, 0, 152.4633725
39, 2, 0, 2.285306848
147, 40, 0, 103.9238683
101, 138, 0, -51.25926938
46, 80, 0, 7.141994538
140, 45, 0, -12.92298547
23, 72, 0, 190.8990196
128, 146, 0, 9.878559574
93, 75, 0, -11.74315374
106, 126, 0, 375.5780381
9, 68, 0, 608.9183113
47, 51, 0, -140.0196027
54, 131, 0, 79.57239442
55, 51, 0, -48.25556145
45, 121, 0, -47.31809151
49, 126, 0, -6.606197935
13, 80, 0, 2.219126294
149, 43, 0, 1.967119209
132, 21, 0, -13.99271135
45, 138, 0, -2.490425869
139, 77, 0, 868.7653312
14, 17, 0, -174.3209407
71, 32, 0, 7.260160595
1, 108, 0, -79.91828842
133, 50, -5, -60.77057084
69, 45, 0, -1075.166053
46, 91, 0, 6.492722308
123, 138, 0, 8.036970062
125, 45, 0, -190.27987
108, 43, 0, -12.67338779
71, 84, 6, 154.883426
2, 5, 0, 7.637727318
148, 100, 0, 4.661588643
100, 138, 0, 277.2853453
137, 128, 0, -131.599539
138, 30, 0, -75.59789037
29, 146, 0, -7.326723001
123, 123, 0, 29.46889023
3, 62, 0, 31.27394411
59, 77, 6, 155.2124386
136, 72, 0, -23.94534077
13, 73, 0, 0
149, 52, 0, -7.868476836
63, 41, 0, -8.564521896
90, 73, -3, -2262.739767
1, 101, 0, 109.1566866
39, 48, 0, -116.5506493
26, 103, 0, 86.30480787
123, 131, 0, 6.697475052
118, 79, 0, 223.9501218
138, 25, 0, 2.223467364
49, 31, 0, -46.24338554
89, 128, 0, -113.61377
35, 92, 0, -156.0409741
123, 22, 0, 17.41343513
128, 31, 0, 55.97850425
144, 126, 0, 2.97036026
40, 145, 0, 18.53009983
136, 79, 0, 276.7017156
66, 144, 0, -39.99640032
89, 49, 0, -113.61377
35, 45, 0, 15.22350967
99, 72, 0, -79.41475993
7, 51, 0, -24.43285241
11, 52, 0, 46.94334791
125, 121, 0, 428.1297074
36, 52, 0, -1272.459499
115, 72, 0, -559.469013
150, 20, 0, 51.38482092
7, 64, 0, 97.73140965
46, 101, 0, 18.17962246
41, 80, 0, -174.8426416
150, 135, 0, 7.905357065
134, 77, 0, 142.3122901
9, 30, 3, 3731.576318
31, 128, 0, -155.146026
55, 30, 0, 29.69573013
3, 44, 0, 31.27394411
23, 49, 0, 58.41718634
6, 11, 0, -29.80292814
45, 100, 0, -23.03643929
28, 60, 6, 87.76730307
31, 17, 0, -188.6911126
38, 77, 0, 376.3855694
21, 11, 0, -126.5075483
8, 48, 0, 6.536268118
28, 83, 0, 20.65113013
11, 45, 0, 4.267577083
144, 5, 0, 8.91108078
36, 51, 0, -441.826215
93, 62, 0, 58.71576871
39, 38, 0, -11.42653424
133, 45, 0, 303.8528542
44, 51, 0, -37.65580088
122, 37, 0, 6.457709537
123, 145, 0, 170.1158663
27, 62, 0, 43.58556664
35, 74, 0, 39.96171287
91, 121, 0, 167.1270854
23, 78, 0, 8.345312334
84, 72, 0, 499.5373413
139, 24, 0, 102.207686
32, 62, 0, -14.28875065
31, 30, 0, 88.05585257
53, 45, 0, 180.8803942
127, 106, 0, -170.3795204
75, 112, 0, -370.6706823
21, 20, 0, -147.5921397
149, 103, 0, 5.901357627
8, 55, 0, -18.51942633
7, 33, 0, 73.29855724
29, 84, 0, -4.070401667
33, 17, 0, 73.54725779
1, 72, 0, 130.5981786
78, 78, 0, 311.4294612
118, 33, 0, -26.87401462
137, 83, 0, 3.556744299
48, 45, 0, 150.4752253
122, 44, 0, 17.93808205
17, 72, 0, 583.3454864
143, 77, 0, -14.37883436
76, 32, 0, 1491.509867
13, 26, 0, 1.331475777
150, 145, 0, -3.952678533
118, 80, 0, -8.958004873
21, 21, 6, 1096.398752
12, 146, 0, -145.690004
13, 28, 0, 0.443825259
113, 45, 0, -428.8808355
96, 99, 0, 20.93714669
23, 71, 0, 29.20859317
138, 133, 0, 51.13974937
13, 109, 0, 11.98328199
149, 72, 0, 63.73466237
150, 78, 0, 158.1071413
11, 91, 0, -76.8163875
90, 45, 0, 207.7565455
145, 123, 0, 25.18497267
59, 128, 0, 40.49020137
44, 33, 0, 163.1751371
27, 123, 0, -13.62048957
10, 145, 0, -81.84422316
46, 126, 0, 5.194177846
86, 17, -5, -2932.55132
71, 146, 0, 24.20053532
58, 133, 0, 197.2386588
41, 75, 0, 299.7302428
101, 33, -4, -162.3210197
13, 21, 0, 18.19683561
141, 32, 0, -314.4759292
91, 119, 0, 314.5921608
146, 45, 0, -84.38818565
19, 33, 0, -53.33373024
106, 79, 0, 305.1571559
90, 133, 0, 85.81248617
84, 137, 0, -134.1039842
8, 37, 0, 5.446890098
118, 128, 0, 286.6561559
104, 121, -4, -57.34666242
73, 84, 0, -662.2516556
2, 72, -4, -25.45909106
61, 32, 0, 46.19506637
26, 66, 0, -58.68726935
66, 45, 0, -239.9784019
122, 62, -4, -47.3565366
80, 145, 0, -15.10315455
45, 55, 0, -6.84867114
12, 128, 0, -113.3144476
52, 31, 0, 113.0445443
45, 72, 0, 69.10931787
50, 21, 0, 58.47681999
110, 75, 0, 94.15191097
93, 145, 0, 99.8168068
8, 44, 0, 42.48574277
100, 101, 0, 68.54244491
63, 115, 0, -115.6210456
46, 25, 0, 0.649272231
11, 73, 0, 209.1112771
72, 73, 0, -329.0893397
1, 83, 0, 21.44149202
115, 45, 0, 89.00643389
9, 51, 0, 374.7189608
15, 109, 0, -50.84659582
134, 32, 0, 9.487486006
23, 21, 0, 34.42441338
146, 31, 0, -42.19409283
149, 44, 0, 20.45803977
28, 31, 0, 36.13947773
143, 131, 0, 91.06595092
114, 49, 0, 368.0868685
115, 133, 0, 178.0128678
2, 79, -4, -21.6402274
63, 120, 0, -10.70565237
46, 32, 0, -27.91870592
29, 56, 0, -8.140803334
103, 17, 0, -267.3201158
53, 128, 0, -87.69958507
83, 29, 0, -1427.654796
145, 19, 0, 21.89997624
52, 126, 0, 42.98877038
17, 52, 0, -224.3636486
80, 143, 0, 90.61892727
45, 41, 0, -14.31994875
10, 29, 0, -722.9573046
87, 25, 0, 12.86885351
1, 131, 0, 40.93375749
126, 133, 0, -33.82988081
24, 145, 0, -902.5624926
28, 22, 0, 32.69762271
14, 33, 0, 95.08414947
71, 80, 0, 4.840107063
4, 31, 6, 214.5967482
65, 31, 0, -94.10214788
46, 43, 0, 25.321617
29, 49, 0, -24.42241
69, 138, 0, 262.8183686
23, 138, 0, 21.90644488
144, 95, 0, 13.36662117
61, 75, -4, -138.5851991
138, 78, 0, -26.68160837
36, 25, 0, 270.9867452
17, 45, 0, 280.4545608
112, 109, 0, 4.241907501
5, 73, 0, 55.46004104
123, 56, 0, 5.357980042
72, 128, 0, 53.94907208
35, 20, 0, 125.5939547
99, 51, 0, 70.071847
136, 7, 0, 15.96356051
63, 25, 0, -70.65730564
28, 109, 0, 25.81391267
122, 123, 0, 46.63901332
50, 62, 0, 90.73989309
71, 73, 0, 7.260160595
43, 101, 0, 17.90830946
46, 50, 0, -1.298544462
68, 123, 0, 117.6216894
93, 109, 0, 135.046268
118, 31, 0, 98.5380536
137, 121, 0, 39.12418728
66, 49, 0, 199.9820016
123, 64, 0, -10.71596008
114, 73, 0, 199.3803871
144, 6, 0, 4.45554039
148, 34, 0, 1.331882469
116, 33, 0, 47.95797753
134, 21, 0, -18.97497201
45, 27, 0, 4.980851738
102, 84, 6, 1004.69082
123, 49, 0, 52.2403054
13, 50, 0, -18.64066087
74, 32, 0, -132.7521738
3, 100, 0, -70.36637426
4, 126, 0, 132.4368503
23, 121, 0, -42.76972571
8, 121, 0, -38.12823069
82, 32, 0, 821.0365305
84, 121, 0, -16.76299803
144, 62, 0, 39.35727345
39, 25, 0, -50.27675066
149, 126, 0, 17.70407288
26, 62, 0, 51.78288472
137, 17, 0, 522.8414119
46, 53, 0, 14.93326131
72, 101, 0, 43.15925766
8, 128, 0, -26.14507247
52, 75, 0, -12.73741345
148, 41, 0, 7.325353581
48, 55, 0, 159.6879942
116, 40, 0, 0
45, 20, 0, 18.05558755
84, 17, 0, 0
31, 65, 0, -71.28330922
35, 2, 0, 53.28228383
4, 101, 0, 176.5824671
132, 50, 0, 38.86864264
99, 33, -4, -238.2442798
46, 26, 0, 5.194177846
107, 33, -4, -96.78668215
96, 131, 0, -167.4971735
149, 135, 0, -5.507933785
50, 131, 0, 22.18086275
69, 101, 0, 334.4961055
2, 62, 0, 38.18863659
138, 123, 0, 2.223467364
101, 112, 0, -34.17284626
67, 32, 0, -2069.94226
45, 131, 0, 29.88511043
70, 31, 0, -39.40770224
55, 84, 0, 25.98376386
95, 45, 0, 471.5164756
26, 145, 0, -27.61753852
50, 43, 0, 28.23018896
144, 44, 0, 8.91108078
149, 128, 0, -4.32766226
43, 72, 0, 244.7468959
29, 21, 0, 115.5994073
140, 56, 0, 77.53791281
2, 57, 0, 40.7345457
148, 72, 0, 141.845483
97, 125, 0, -44.48398577
83, 62, 0, -449.1498235
122, 111, 0, 5.740186255
34, 51, 0, -65.52221203
132, 145, 0, -68.40881105
116, 62, 0, 157.9792201
13, 74, 0, -2.662951553
149, 24, 0, 3.934238418
40, 128, 0, 83.38544924
48, 133, 0, 46.06384449
124, 61, 0, -40.36123304
72, 11, 0, -53.94907208
71, 45, 0, -104.0623019
146, 132, 0, 151.8987342
96, 145, 0, -90.72763564
149, 137, 0, 3.147390734
46, 78, 0, -9.089811231
150, 17, 0, -79.05357065
30, 132, 0, -12.29135426
51, 1, 0, -482.6768111
112, 49, 0, -2.12095375
22, 55, 0, 1187.168147
138, 109, 6, 280.1568879
52, 32, 0, 78.01665735
3, 51, 0, 46.91091617
25, 66, 0, 18.2123487
136, 91, 0, 23.94534077
132, 64, -4, -77.73728529
129, 44, 0, -254.2080511
149, 33, -4, -32.65417887
8, 21, 0, 122.0103382
63, 58, 0, -4.282260948
28, 72, 0, 43.02318778
144, 26, 0, 2.227770195
58, 109, 0, -273.0996814
149, 146, 0, -0.393423842
80, 50, 0, -15.10315455
44, 72, 0, -602.492814
27, 128, 0, 59.93015413
11, 145, 0, -76.8163875
140, 46, 0, 187.3832893
108, 45, 0, 144.1597861
54, 17, 0, -2.74387567
19, 49, 0, 34.72894062
27, 49, 0, 70.82654579
138, 20, 0, 13.34080418
47, 50, -5, -160.0224031
123, 101, 0, -38.8453553
54, 128, 0, 19.20712969
112, 135, 0, 2.12095375
147, 17, 0, -7.423133453
6, 39, 0, 67.05658831
136, 66, 0, 45.23008812
121, 77, -6, -1736.046984
45, 137, 0, -9.961703476
29, 79, 0, 1.628160667
124, 51, 0, 100.9030826
144, 17, 0, 20.79252182
1, 99, 0, -38.98453094
26, 29, 0, 93.2091925
48, 2, 0, -55.27661339
12, 24, 0, -161.8777823
148, 101, 0, 21.97606074
134, 80, 0, 12.64998134
119, 121, 0, 68.95719482
138, 31, 0, 95.60909665
29, 145, 0, 9.768964001
91, 21, 0, 953.6074873
132, 142, 0, 23.32118559
45, 113, 0, 9.339097009
13, 72, 0, 12.42710725
70, 123, 0, 187.1865856
35, 39, 0, 19.02938708
91, 130, 0, 186.7890954
4, 64, 0, 91.97003494
99, 66, 0, -84.0862164
29, 72, 0, 135.9514157
72, 32, 0, -285.930082
54, 112, 0, 131.7060321
39, 51, 0, 73.12981914
115, 66, 0, -171.6552654
80, 32, 0, 196.3410091
122, 16, 0, -5.022662973
150, 141, 0, -17.7870534
149, 77, 0, -26.3593974
46, 116, 0, -5.194177846
28, 38, 0, 10.32556507
32, 33, 0, 35.72187661
31, 43, 0, 83.86271673
92, 11, 0, -131.5385627
40, 33, 0, 213.0961481
104, 30, 0, 20.3488157
144, 77, 0, 8.168490715
54, 75, 0, 2.74387567
1, 125, 0, 11.69535928
2, 101, 0, 283.8688653
137, 32, 0, -21.34046579
145, 32, -4, 3.284996436
147, 123, 0, 230.117137
104, 20, 0, -11.09935402
5, 121, -4, -110.9200821
29, 103, 0, 66.75458734
27, 4, 0, 8.172293745
148, 121, 0, -9.323177286
20, 45, 0, 297.4958609
71, 121, 0, -16.94037472
113, 131, 0, -182.2743551
8, 49, 0, 21.78756039
7, 43, 0, 781.8512772
11, 44, 0, 59.74607916
85, 45, 0, -613.8233007
70, 132, 0, -19.70385112
110, 31, 0, 25.10717626
57, 145, 0, 500.8271236
148, 131, 0, 124.5310109
39, 33, 0, -178.2539342
150, 44, 0, -1.976339266
61, 20, 0, -123.1868436
44, 44, 0, -238.4867389
46, 109, 0, 3.895633385
13, 145, 0, -6.657378883
108, 17, 0, 17.42590821
73, 49, 0, 1324.503311
19, 77, 0, -16.124151
41, 88, 0, -574.4829653
81, 49, 0, -364.2072214
31, 136, 0, -117.4078034
141, 45, 0, 26.76390887
146, 56, 0, -50.63291139
20, 52, 0, -103.4768212
132, 123, 0, 35.75915123
23, 73, 0, -58.41718634
136, 126, 0, 42.5694947
149, 78, 0, -2.360543051
99, 121, 0, -18.68582587
148, 138, 0, 13.98476593
133, 21, -5, -283.5959972
27, 101, 0, -13.62048957
87, 44, 0, 147.9918154
122, 45, 0, 152.832459
13, 138, 0, 15.0900588
15, 17, 0, -533.8892561
112, 75, 0, -16.96763
76, 33, -4, -57.36576411
138, 51, 0, 20.01120628
13, 27, 0, 16.86535984
126, 49, 0, 33.82988081
70, 2, 0, 532.0039802
146, 51, 0, -1434.599156
20, 51, 0, -51.7384106
8, 80, 0, 9.804402177
64, 29, 0, 248.2210822