O, D, AMOEBA, FlowValue
149, 87, -1, 0.134125575
63, 76, 0, 6.01388354
1, 64, -1, 0.373036078
147, 33, -1, 0.206175243
148, 145, -1, 0.110728456
59, 131, 0, 1.222330942
95, 138, 0, 1.269203256
13, 131, -1, 0.026796673
19, 91, -1, 0.049970159
98, 45, 0, 2.872445666
134, 55, -1, 0.707570481
123, 31, 0, 0.348027946
13, 20, -1, 0.169794717
52, 17, -1, 0.311300065
45, 78, -1, 0.169275252
13, 101, -1, 0.090859086
71, 100, -1, 1.036824629
149, 80, -1, 0.020400246
43, 120, -1, 0.195180768
104, 122, -1, 0.62345764
143, 45, -2, 0.240240118
150, 49, -1, 0.181914493
71, 33, -1, 0.228535219
44, 25, 0, 0.539715567
138, 82, -1, 0.267227614
104, 137, -1, 0.068033259
51, 121, 0, 0.652204987
108, 126, -1, 0.057996042
123, 20, 0, 0.109455784
38, 31, -1, 0.01971625
23, 84, -1, 0.22520257
32, 68, 0, 0.898369756
110, 72, -1, 0.093318081
46, 30, -1, 0.029917898
11, 72, 0, 0.15861685
1, 82, -1, 0.638912614
27, 72, -1, 0.297961272
138, 44, -1, 0.016070392
123, 45, 0, 0.244583044
13, 123, -1, 0.11312464
102, 51, -1, 0.663651673
70, 72, -1, 0.188318727
46, 33, -1, 0.591493422
29, 55, 0, 0.070054128
124, 123, 0, 0.706558699
16, 20, 0, 1.349491486
145, 109, -1, 0.142621744
54, 33, -2, 0.16766266
79, 91, 0, 2.482223411
26, 85, 0, 2.192424943
148, 29, -1, 0.066075978
13, 63, -1, 0.046182889
108, 131, 0, 0.71735291
1, 51, -1, 0.083370009
26, 45, 0, 0.939341789
29, 91, 0, 0.268941821
124, 114, 0, 8.141346284
112, 31, -1, 0.084437649
2, 82, -1, 0.368567182
122, 72, -1, 0.397746514
30, 49, -1, 0.251416064
144, 5, -1, 0.164922283
5, 72, -1, 0.343555466
133, 131, 0, 1.223040745
45, 33, -1, 0.010375622
119, 62, 0, 2.712214247
31, 82, -1, 0.664300874
87, 17, 0, 4.672756196
55, 72, -1, 0.311408882
95, 49, -1, 0.060279574
1, 52, 0, 1.436070639
115, 146, 0, 2.333726883
63, 105, 0, 0.992051451
46, 51, -1, 0.146783773
29, 9, 0, 0.316865521
53, 131, 0, 0.264750267
54, 51, 0, 0.2933945
112, 22, -1, 0.088934472
2, 45, -1, 0.319025945
134, 123, 0, 0.788358411
122, 83, -1, 0.148745133
128, 32, 0, 0.31718625
94, 21, 0, 1.64121544
59, 21, 0, 1.014809455
25, 101, -1, 0.02924234
13, 49, -1, 0.1191529
74, 33, -2, 0.36871507
48, 145, -1, 0.799961089
124, 17, 0, 1.712687332
25, 20, -1, 0.08117497
58, 86, 0, 6.046148291
150, 101, -1, 0.150730547
50, 137, 0, 4.498945196
145, 80, -1, 0.085168625
55, 41, -1, 0.215674061
135, 145, 0, 0.40272353
84, 18, 0, 8.567808434
149, 21, -1, 0.084517852
25, 31, -1, 0.557147449
99, 32, -1, 0.224990558
122, 131, -1, 0.056318128
50, 49, -1, 0.056712884
39, 17, -1, 0.098202168
80, 78, 0, 1.662061687
145, 73, -1, 0.18267462
72, 62, 0, 1.503529739
93, 126, 0, 0.64486918
27, 45, -1, 0.877769111
150, 123, -1, 0.409634969
122, 101, -1, 0.024481673
146, 138, 0, 6.734379247
148, 49, -1, 0.338838136
4, 109, -1, 0.513383209
135, 31, -1, 0.413249004
144, 45, -1, 0.061149378
1, 31, -1, 0.07964312
35, 17, -1, 0.126745648
25, 145, 0, 1.564587073
100, 33, -1, 0.051920326
29, 20, 0, 0.021166071
148, 73, -1, 0.082426453
4, 131, 0, 0.044422726
66, 27, -1, 0.537547492
122, 108, -1, 0.943967631
52, 90, 0, 0.123568233
28, 45, -1, 0.844108386
148, 56, -1, 0.17794021
50, 80, -1, 0.026139693
35, 51, -1, 0.284865842
147, 128, 0, 2.509055825
132, 33, -1, 0.086365165
23, 135, -1, 0.022734067
53, 118, 0, 11.03919684
146, 133, 0, 0.549911428
137, 11, 0, 0.784345258
46, 79, -1, 0.120440794
122, 4, -1, 0.303891663
125, 25, 0, 0.389607996
145, 59, -1, 0.234723079
54, 31, 0, 0.189727245
2, 49, -1, 0.113915874
148, 80, -1, 0.012949169
4, 138, -1, 0.489295265
52, 33, -1, 0.035377773
59, 49, -1, 0.172544844
45, 126, 0, 0.802327921
32, 29, -1, 0.044304921
87, 50, 0, 1.115159682
38, 39, 0, 9.921037726
149, 32, -1, 0.07200394
45, 143, 0, 0.114876281
28, 73, -1, 0.333401806
54, 103, -2, 0.091509802
149, 145, -1, 0.20060908
80, 51, 0, 0.107662373
133, 55, 0, 6.159183403
93, 73, -2, 0.315978564
138, 21, -1, 0.114638311
122, 126, -1, 0.152356016
123, 100, 0, 0.10316952
91, 31, -1, 0.092696165
81, 101, 0, 0.781391041
45, 119, -1, 0.1776338
100, 145, -1, 0.051803637
144, 131, -1, 0.062769119
35, 33, -1, 0.41225758
146, 100, 0, 0.609344975
3, 72, -1, 0.456651865
149, 41, -1, 0.072732736
28, 64, -1, 0.259483952
32, 131, 0, 0.194108986
71, 34, 0, 1.279581141
122, 22, -1, 0.225650444
52, 128, -1, 0.065629707
112, 32, 0, 0.663982362
2, 3, -1, 0.061060298
41, 100, 0, 0.480949676
122, 121, -1, 0.059802707
91, 20, 0, 7.887268127
131, 119, 1, 132.1092305
6, 31, 0, 0.288816506
46, 134, -1, 0.365947525
50, 125, 0, 2.486655108
31, 45, 0, 1.246040315
70, 120, -1, 0.690268456
4, 96, 0, 2.383814643
149, 50, -1, 0.064093757
23, 146, -1, 0.339407318
63, 43, 0, 0.37584001
11, 49, 0, 0.054557527
39, 50, -1, 0.007921396
80, 33, 0, 0.139828487
137, 62, 0, 3.197562143
122, 17, -1, 0.140289107
134, 72, -1, 0.718693221
52, 62, -1, 0.415102746
56, 57, 0, 7.740489497
43, 142, 0, 0.408116368
46, 137, -1, 0.039797006
13, 64, -1, 0.586842341
126, 108, 0, 11.4444793
4, 72, -1, 0.259142143
132, 5, -1, 0.316519891
43, 31, -1, 0.054200933
32, 145, -1, 0.272231921
54, 72, 0, 0.078673428
2, 98, -1, 0.059834289
148, 133, -1, 0.245909139
48, 49, -1, 0.070666687
128, 121, -1, 0.07159466
53, 77, -1, 0.818786965
64, 145, 0, 1.426707731
102, 130, 0, 3.875263941
63, 138, 0, 1.60696663
141, 51, -1, 0.112427289
35, 71, -1, 1.006153814
146, 62, 0, 0.303464568
81, 72, 0, 0.52013376
28, 62, -1, 0.324898886
138, 145, -1, 0.30808663
13, 121, -1, 0.344177757
71, 120, -1, 0.203471283
148, 140, -1, 0.093063142
80, 31, -1, 0.11603538
44, 45, 0, 1.393116378
132, 100, -1, 0.119748388
23, 72, -1, 0.232633248
45, 91, -1, 0.095317897
39, 72, -1, 0.223270954
4, 62, -1, 0.330729316
132, 11, -1, 0.19428607
48, 80, -1, 0.358282971
29, 82, 0, 0.066709305
140, 123, 0, 0.561045856
90, 32, 0, 0.478554663
145, 128, -1, 0.076731162
104, 80, -1, 0.443642268
9, 30, 0, 34.38955587
122, 42, -1, 0.331244673
13, 137, -1, 0.212192577
145, 17, -1, 0.044700647
113, 82, 0, 0.70288745
13, 26, -1, 0.022249854
53, 17, 0, 1.001020662
82, 72, 0, 0.107493452
49, 145, -1, 0.183072735
89, 10, 0, 8.254072463
29, 43, -2, 0.051443397
145, 121, -1, 0.079359816
148, 146, -1, 0.044445713
115, 33, 0, 0.565057431
46, 124, 0, 0.037054687
122, 53, -1, 0.532541268
13, 130, -1, 0.275394179
128, 78, 0, 0.255790355
148, 1, 0, 0.153901811
45, 60, -1, 0.404413493
31, 121, -1, 0.075974167
45, 77, -1, 0.06900382
13, 100, -1, 0.014955481
90, 131, 0, 0.163612695
3, 146, -1, 0.782722643
110, 49, 0, 0.160487488
41, 33, 0, 5.411194806
104, 138, -1, 0.281192071
12, 51, 0, 0.642909873
138, 146, -1, 0.092748042
126, 32, 0, 1.466408484
146, 34, 0, 1.274842294
140, 145, 0, 0.107437575
4, 43, -1, 0.172200717
46, 31, -1, 0.166653428
56, 133, -1, 0.611535212
44, 17, 0, 0.458464925
136, 140, -1, 0.966704336
138, 45, -1, 0.668690442
148, 7, -1, 0.172895751
141, 80, -1, 0.281895178
108, 133, -1, 0.424397724
146, 29, 0, 1.814184459
3, 128, 0, 2.127040717
135, 82, -1, 0.22682701
140, 31, 0, 0.196314417
82, 51, 0, 3.161163397
58, 45, -1, 0.434564
26, 82, -1, 0.132014281
27, 64, -1, 0.142180423
83, 31, -1, 0.30250116
12, 33, 0, 0.809298989
35, 128, -1, 0.07843935
148, 30, -1, 0.128881161
62, 49, 0, 0.359561035
126, 82, 0, 7.146034299
146, 20, 0, 1.504519506
77, 33, 0, 13.64533426
23, 101, -1, 0.018843054
8, 77, 0, 0.052494074
82, 44, 0, 1.300634674
71, 82, -1, 0.105765214
1, 50, -1, 0.074321111
39, 101, -1, 0.146774523
135, 75, 0, 0.612881913
11, 121, 0, 0.216504248
72, 121, 0, 0.215047142
145, 101, -1, 0.059338094
122, 73, -1, 0.799298895
123, 77, 0, 0.438916274
51, 79, 0, 3.338672994
45, 32, -1, 0.389824353
13, 55, -1, 0.002546169
139, 52, 0, 22.59010742
116, 82, -1, 0.40069432
72, 17, 0, 0.231825142
71, 75, 0, 2.143315747
114, 33, -1, 0.596370792
46, 42, -1, 0.17127804
135, 64, 0, 0.421385416
144, 72, -1, 0.092264552
145, 94, -1, 0.658702504
93, 107, 0, 8.049381849
83, 45, 0, 4.364775033
6, 70, 0, 1.935003775
123, 51, 0, 0.073660235
13, 48, -1, 0.125095032
141, 123, -1, 0.13118718
35, 31, -1, 0.043860019
96, 31, 0, 0.248597351
23, 123, -1, 0.178232233
8, 123, 0, 0.183076948
11, 61, 0, 2.536849095
71, 64, -1, 0.168415011
80, 72, 0, 0.069500775
115, 11, -1, 0.794466636
79, 49, 0, 0.840167098
138, 126, -1, 0.63492288
122, 91, -1, 0.057815358
5, 73, -1, 0.298457885
148, 43, -1, 0.088840169
102, 77, -1, 0.425251389
35, 101, -1, 0.095481886
39, 131, 0, 0.220766599
64, 79, 0, 6.650989895
63, 9, 0, 1.11119324
11, 31, 0, 0.219078011
50, 46, 0, 1.063983439
72, 31, 0, 0.248689811
39, 16, 0, 0.638216735
80, 79, 0, 1.774380651
145, 72, -1, 0.026744924
147, 83, -1, 0.240444065
4, 133, -1, 0.071030302
27, 44, -1, 0.29533145
138, 121, -1, 0.145030811
47, 33, 0, 0.666685937
123, 80, 0, 0.416741814
150, 31, -1, 0.349920625
55, 33, -1, 0.659831799
116, 49, -1, 0.173111724
45, 11, -1, 0.073226283
31, 72, -1, 0.106868584
96, 45, -2, 0.34981574
149, 29, -1, 0.087831618
136, 62, 0, 1.10027867
124, 32, 0, 0.291586674
48, 31, -1, 0.093301421
11, 101, 0, 0.925041696
125, 31, -1, 0.166124213
143, 31, 0, 0.165705797
122, 109, -1, 0.013350885
34, 49, -1, 0.335059431
108, 72, -1, 0.13121915
55, 62, -1, 0.667421766
23, 17, -1, 0.071721464
84, 33, 0, 0.353846198
31, 49, -1, 0.107211712
74, 91, 0, 3.92211473
43, 50, -1, 0.165531449
8, 16, 0, 0.070206962
29, 123, 0, 0.057004754
50, 32, -1, 0.126252821
100, 48, 0, 1.965366371
29, 75, -2, 0.456626163
140, 49, -1, 0.297377883
143, 100, 0, 0.392230781
112, 51, -1, 0.194389118
134, 100, -1, 0.197908101
50, 72, -1, 0.0642402
149, 47, -1, 0.096991157
43, 43, 0, 1.173576049
45, 142, -1, 0.868349327
29, 116, 0, 0.297878379
53, 126, -1, 0.32106514
78, 110, 0, 12.97886094
27, 130, -1, 0.878959367
145, 51, -1, 0.173954829
93, 72, 0, 0.218234132
9, 73, 0, 7.814123048
35, 83, -1, 0.345175229
96, 49, -1, 0.196287312
32, 21, -1, 0.667638384
13, 77, -1, 0.089824119
146, 101, 0, 0.389552203
75, 73, 0, 1.24672631
149, 40, -1, 0.007329286
45, 135, -1, 0.047490441
29, 77, 0, 0.07061085
139, 78, 0, 20.84129305
70, 145, -1, 0.327623054
2, 145, -1, 0.426845155
78, 113, 0, 26.26373687
79, 109, 0, 0.955336672
26, 27, 0, 3.340591803
136, 55, 0, 1.343186723
123, 143, 0, 0.049429684
135, 33, 0, 1.037907451
112, 33, -1, 0.341671252
19, 80, -1, 0.233139705
148, 103, -1, 0.344247499
138, 29, 0, 3.364405186
87, 82, -1, 0.175755029
56, 51, 0, 1.225648644
64, 51, 0, 0.337035497
46, 135, -1, 0.056599338
84, 62, -1, 0.693227648
32, 44, -1, 0.464731912
13, 70, -1, 0.046105727
70, 121, 0, 1.213827717
149, 49, -1, 0.171006609
132, 31, 0, 1.337284652
45, 128, -1, 0.066726167
11, 48, 0, 0.229113203
39, 45, -1, 0.703652188
100, 45, -1, 0.959291137
145, 45, -1, 0.427321964
148, 110, -1, 0.102566109
150, 131, 0, 0.262514348
11, 73, 0, 1.125331108
88, 17, 0, 0.99115301
46, 142, 0, 0.239701783
4, 73, -1, 0.20457363
13, 56, -1, 0.009882549
116, 131, 0, 0.153293349
9, 130, 0, 9.300545068
135, 123, -1, 0.17444637
1, 115, -1, 0.123243965
2, 99, 0, 1.11096524
148, 134, 0, 0.875799469
115, 77, -1, 0.153177522
133, 33, 0, 1.350307095
122, 25, -1, 0.052889994
51, 31, 0, 0.077137981
32, 31, -1, 0.099174833
81, 62, 0, 2.709743267
134, 64, -1, 0.990371723
27, 6, -1, 0.878726344
136, 121, -1, 0.05784779
46, 145, -1, 0.077369069
102, 18, 0, 2.618622493
141, 131, 0, 0.222188259
71, 123, -1, 0.589722952
91, 146, 0, 0.656133017
36, 62, -1, 0.794415713
2, 122, -1, 0.193057159
118, 45, 0, 1.314952973
122, 32, -1, 0.124408624
16, 66, 0, 4.568037361
145, 31, -1, 0.129632361
136, 145, -1, 0.361282296
27, 31, -1, 0.134134929
95, 123, 0, 0.57229872
32, 49, -1, 0.255738196
71, 112, 0, 0.490129152
146, 73, 0, 0.908269049
40, 17, 0, 0.119438839
39, 75, -1, 0.10119888
116, 145, -1, 0.117266857
99, 123, 0, 0.196267039
100, 75, -1, 1.05772965
46, 11, -1, 0.324540662
145, 135, -1, 0.071591166
97, 49, -1, 0.151651158
134, 32, -1, 0.045694417
27, 103, -1, 0.726801625
52, 101, -1, 0.102258029
108, 10, -1, 0.624777815
128, 72, -1, 0.136375657
148, 123, -1, 0.119376732
11, 17, 0, 0.15587514
27, 20, -1, 0.263069802
138, 49, -1, 0.176236457
8, 145, 0, 0.030189137
146, 49, 0, 2.438166691
132, 108, -1, 0.467522389
23, 64, -1, 0.060496073
8, 82, 0, 0.059512268
64, 31, 0, 0.154104819
45, 83, -1, 0.141168715
32, 72, -1, 0.168808441
39, 64, -1, 0.212050393
150, 77, 0, 2.342762569
8, 33, 0, 0.490165646
48, 72, -1, 0.097834056
144, 118, -1, 0.071217998
145, 120, -1, 0.061376277
122, 50, -1, 0.193993775
123, 17, 0, 0.074827463
91, 72, 0, 0.605516237
15, 49, -1, 0.390019604
82, 64, 0, 2.80467572
13, 99, -1, 0.719357705
90, 128, 0, 0.558505355
40, 31, 0, 0.111626406
4, 45, -1, 0.597088995
46, 21, -1, 0.033475406
147, 40, -1, 0.645349572
80, 5, 0, 1.118089617
81, 137, 0, 1.231669274
33, 145, -2, 0.122289684
30, 109, 0, 2.744448187
13, 11, -1, 0.172910458
126, 33, 0, 0.125281935
23, 86, -1, 0.16628103
149, 103, -1, 0.098406804
45, 63, -1, 0.08638164
131, 45, 0, 1.173857099
81, 130, 0, 1.246847327
138, 91, 0, 3.278604802
23, 11, -1, 0.230042056
52, 114, -1, 0.642322383
148, 16, -1, 0.042917802
141, 79, 0, 3.537375727
55, 116, 0, 1.746305449
2, 10, -1, 0.11890351
63, 20, 0, 0.079527635
102, 49, -1, 0.347139485
71, 84, -1, 0.955339284
115, 134, 0, 3.583317998
80, 100, -1, 0.096938597
26, 32, -1, 0.299281226
63, 101, 0, 0.06446004
46, 39, -1, 0.267405904
26, 83, -1, 0.20127706
148, 31, -1, 0.357212958
48, 123, -1, 0.120420593
10, 24, 0, 1.797154721
141, 72, -1, 0.127897467
3, 123, -1, 0.569376866
63, 29, 0, 0.354078513
124, 29, 0, 3.00353972
51, 33, 0, 0.272668467
145, 100, -1, 0.258285517
112, 17, -1, 0.072911786
93, 17, 0, 0.479385515
61, 72, 0, 1.210057318
108, 101, -1, 0.244821549
128, 43, 0, 0.416164225
19, 121, -1, 0.152816212
148, 38, -1, 0.207129551
45, 31, -1, 0.181986497
23, 125, -1, 0.104304235
26, 131, 0, 0.458549819
8, 36, 0, 0.48510228
100, 29, -1, 0.566742833
46, 49, -1, 0.15604792
144, 73, -1, 0.023977464
145, 93, -1, 0.497274665
19, 17, -1, 0.511659795
122, 81, 0, 1.516390059
19, 126, -1, 0.099896852
148, 45, -1, 0.302799182
59, 23, 0, 2.906774162
23, 5, -1, 0.308902589
84, 21, -1, 0.244877219
123, 50, 0, 0.1114319
146, 7, 0, 2.696538925
39, 133, -1, 0.56259002
4, 121, -1, 0.59545219
116, 83, -1, 0.438611455
136, 49, -1, 0.156462278
28, 103, -1, 0.258272567
104, 48, -1, 0.44691786
50, 52, 0, 1.138953035
144, 49, -1, 0.149995948
57, 94, 0, 6.521110086
149, 123, -1, 0.095870222
80, 73, 0, 0.243832612
99, 138, -1, 0.221900839
46, 56, -1, 0.180714827
144, 64, -1, 0.043064925
128, 138, 0, 3.847814389
22, 33, 0, 8.98611084
19, 135, -1, 0.108122985
131, 20, 0, 2.435595102
23, 2, 0, 0.423951944
45, 17, -1, 0.012039341
49, 86, 0, 7.107967811
87, 33, 0, 0.536142658
95, 33, -2, 0.654811237
134, 146, -1, 0.263835895
135, 32, 0, 1.499823398
48, 138, -1, 0.612667512
104, 55, -1, 0.307765303
32, 121, -1, 0.090612751
144, 40, -1, 0.110672596
26, 4, 0, 0.843520577
46, 67, 0, 2.345825001
19, 31, -1, 0.205310863
147, 82, -1, 1.054359003
97, 121, 0, 2.31051028
78, 133, 0, 0.26528296
100, 146, 0, 2.495238892
87, 73, 0, 0.692536595
108, 82, -1, 0.770230368
91, 10, 0, 1.122354028
148, 51, -1, 0.142414249
116, 50, -1, 0.04889215
6, 49, 0, 0.152402549
13, 33, -1, 0.049308439
87, 62, 0, 0.809849367
149, 28, 0, 0.089659034
82, 17, 0, 0.459134346
63, 49, 0, 0.22445552
104, 62, 0, 3.15984954
124, 33, 0, 1.401276
2, 133, -1, 0.101385108
150, 117, 0, 3.863882147
46, 74, 0, 1.565418612
11, 100, 0, 0.143803594
29, 131, 0, 1.042010244
108, 73, -1, 0.093777423
50, 78, 0, 0.078319075
141, 101, -1, 0.147719699
146, 112, 0, 8.403069912
40, 72, 0, 0.127906024
149, 37, 0, 1.78898062
8, 17, 0, 0.009362356
63, 62, 0, 0.346483044
80, 62, 0, 0.814676645
100, 49, -1, 0.031863993
108, 49, -1, 0.129615224
54, 29, 0, 0.272252652
19, 45, -1, 0.368575673
148, 82, -1, 0.371076945
24, 32, 0, 0.944999193
108, 64, -1, 0.11943199
59, 51, -1, 0.226783194
6, 35, 0, 3.865919816
45, 124, -1, 0.14213137
50, 73, -1, 0.09766324
126, 121, 0, 0.612953435
136, 45, -1, 0.581063262
28, 75, 0, 2.76884731
11, 5, 0, 5.844697663
139, 72, 0, 1.438133874
75, 32, 0, 0.111578429
46, 84, -1, 0.176210667
11, 146, 0, 0.249220293
123, 137, 0, 0.016420813
108, 40, -1, 0.236098757
77, 141, 0, 8.661340212
137, 131, 0, 0.85897693
31, 145, -1, 0.313743533
59, 72, -1, 0.114661746
25, 72, -1, 0.081229752
89, 43, 3, 32.30768685
96, 51, 0, 0.298499614
149, 55, -1, 0.015799157
132, 17, -1, 0.016702287
8, 31, 0, 0.532987257
100, 80, 0, 0.201939674
150, 30, -1, 0.728543906
140, 32, 0, 0.342324146
52, 130, -1, 0.079035824
118, 72, 0, 0.028538585
87, 123, -1, 0.522650854
52, 49, -1, 0.126199099
132, 137, -1, 0.209655189
93, 40, 0, 1.27615233
50, 123, -1, 0.067775199
35, 40, -1, 0.460860121
149, 48, -1, 0.089767338
11, 51, 0, 0.417206291
140, 72, 0, 0.03430858
1, 121, -1, 0.063571409
2, 105, 0, 3.229851152
147, 45, 0, 1.116224701
122, 31, -1, 0.51192277
145, 44, -1, 0.1107994
19, 64, -1, 0.02877187
150, 128, -1, 0.040732466
10, 72, 0, 0.217284087
35, 64, -1, 0.088285497
54, 145, -2, 0.212909258
28, 33, 0, 0.133835047
99, 51, -1, 0.214073575
63, 82, 0, 0.140362881
28, 80, -1, 0.646956843
85, 33, 0, 1.022925176
53, 72, -1, 0.2735743
93, 33, -2, 0.358778722
150, 40, -1, 0.72409114
137, 37, 0, 0.839178656
46, 105, -1, 0.229202094
17, 82, 0, 0.490275712
19, 73, -1, 0.053398168
41, 84, 0, 3.235350256
141, 49, -1, 0.085538741
4, 95, -1, 0.437415966
23, 77, -1, 0.231228898
49, 101, 0, 1.206560639
31, 29, -1, 0.104012763
40, 43, 0, 1.8540118
4, 49, -1, 0.329213539
100, 77, -1, 0.180156454
63, 91, 0, 0.034504866
144, 121, -1, 0.236803882
71, 11, -1, 0.320207024
1, 75, -1, 0.71930364
2, 123, -1, 0.010696408
8, 131, 0, 0.111814054
118, 34, 0, 15.56266426
122, 33, -1, 0.123559725
13, 142, -1, 0.309501575
19, 78, 0, 0.144522864
150, 146, -1, 0.247318581
13, 31, -1, 0.08927597
13, 112, -1, 0.007490595
68, 123, 0, 0.329451294
149, 75, -1, 0.191639287
80, 121, 0, 0.310136116
63, 64, 0, 0.571183355
29, 80, 0, 0.34825386
46, 123, -1, 0.025460016
122, 40, -1, 0.106936745
13, 135, -1, 0.236975054
17, 76, 0, 0.328218568
145, 23, 0, 1.352083302
128, 73, 0, 0.05316141
148, 4, -1, 0.065087351
2, 44, -1, 0.349616741
149, 19, -1, 0.015540521
10, 101, 0, 1.724779212
138, 62, -1, 0.079957112
146, 46, 0, 7.961022295
132, 109, -1, 0.0433935
25, 45, 0, 1.447551426
50, 31, -1, 0.462648546
103, 121, 0, 2.098846869
4, 39, -1, 0.101008808
48, 73, -1, 0.115683077
29, 41, 0, 0.292400012
143, 33, 0, 0.985106972
2, 77, -1, 0.134948248
104, 133, -1, 0.107153171
136, 128, 0, 0.690920797
13, 17, -1, 0.021932413
108, 145, -1, 0.87802083
146, 41, 0, 0.490315412
45, 75, -1, 0.110282044
1, 45, -1, 0.097702443
129, 16, 0, 0.390069129
4, 46, 0, 1.235266934
48, 64, -1, 0.106854976
104, 125, -1, 0.215795596
36, 84, 0, 1.417122892
84, 131, 0, 0.566772259
104, 140, 0, 1.189175878
17, 62, 0, 2.723031165
148, 10, -1, 0.048380819
134, 45, -1, 0.124548256
45, 51, -1, 0.125538536
83, 128, 0, 5.818688092
13, 10, -1, 0.142794992
108, 136, 0, 1.103705151
45, 68, -1, 0.140921415
50, 17, -1, 0.233951627
4, 21, -1, 0.416226717
80, 110, -1, 0.827071603
46, 29, -1, 0.488533855
104, 100, -1, 0.42744281
144, 101, -1, 0.111780636
143, 55, 0, 0.439944218
36, 83, 0, 4.197973491
26, 73, -1, 0.055733858
9, 55, 0, 3.135000953
84, 138, -1, 0.382207821
148, 17, -1, 0.031477856
24, 31, 0, 1.52115163
45, 44, -1, 0.094499312
138, 43, -1, 0.437128035
13, 3, -1, 0.287403333
74, 51, 0, 0.405565625
8, 72, 0, 0.009254831
64, 101, 0, 0.258320644
108, 21, -1, 0.285870803
84, 145, -1, 0.037163257
12, 35, 0, 5.999473066
134, 31, -1, 0.337949184
63, 45, 0, 1.149871902
149, 7, -1, 0.204286226
80, 92, 0, 6.248494497
50, 146, -1, 0.757011105
135, 96, 0, 21.57038879
22, 20, 0, 5.087859128
27, 91, -1, 0.153648376
47, 112, 0, 8.102263412
6, 77, 0, 0.538544845
120, 33, 0, 1.667843574
123, 60, 0, 0.460624144
132, 72, -1, 0.009906278
135, 45, 0, 6.020561078
53, 31, -1, 0.964735312
149, 113, -1, 0.545840783
26, 51, -1, 0.094919838
143, 2, 0, 9.739495325
2, 40, -1, 0.213430453
5, 45, -1, 0.463310392
27, 80, 0, 1.00642707
116, 45, -1, 0.232303014
27, 126, -1, 0.319130496
141, 121, -1, 0.072739082
1, 145, -1, 0.189061217
97, 133, 0, 4.187122154
104, 49, -1, 0.227034047
107, 44, 0, 2.273498583
39, 21, -1, 0.274928857
95, 72, 0, 0.692665562
29, 31, 0, 0.152665755
87, 32, 0, 0.495840312
29, 15, 0, 0.292618872
63, 11, 0, 1.353552049
29, 103, 0, 1.248901777
50, 44, -1, 0.262333636
87, 145, 0, 0.641925236
110, 114, 0, 2.294815092
149, 131, -1, 0.066510095
46, 64, -1, 0.37653158
148, 77, -1, 0.269554672
5, 31, -1, 0.067787296
27, 46, -1, 0.653354899
87, 72, -1, 0.129826498
128, 49, 0, 0.159966584
148, 60, -1, 0.212039977
116, 51, -1, 0.629150137
50, 84, -1, 0.223877756
144, 145, -1, 0.160515074
35, 15, -1, 0.10260089
3, 86, 0, 1.557839728
29, 96, 0, 4.147345847
144, 32, -1, 0.11087224
48, 21, 0, 1.319431039
48, 17, -1, 0.118764867
29, 17, 0, 0.054221998
2, 53, -1, 0.742326252
133, 83, 0, 1.837201902
27, 39, -1, 0.85266899
138, 110, -1, 0.73056263
45, 2, 0, 0.560287984
144, 136, -1, 0.119392589
88, 113, 2, 66.84744225
149, 36, -1, 0.058397483
23, 128, -1, 0.266595922
99, 83, 0, 0.453941987
28, 77, -1, 0.356584699
29, 121, 0, 0.179950936
68, 52, 0, 15.40559128
89, 73, 3, 42.9516814
46, 82, -1, 0.280208828
108, 50, -1, 0.093348824
143, 102, 0, 1.949196719
19, 44, -1, 0.349618042
6, 145, 0, 0.392305712
27, 60, -1, 0.936759943
101, 29, 0, 0.565115986
45, 123, -1, 0.101145235
66, 128, 0, 1.689872644
89, 33, 0, 2.366690576
75, 82, 0, 2.278078336
149, 45, -1, 0.129587638
137, 49, 0, 0.072752167
122, 10, -1, 0.32021651
145, 49, -1, 0.069993379
104, 126, -1, 0.108358267
47, 62, 0, 21.93900774
123, 121, 0, 0.184451295
52, 43, -1, 0.58131894
31, 33, -1, 0.419266998
92, 49, 0, 1.233183835
20, 131, 0, 1.327611109
149, 54, -1, 0.132919875
45, 133, -1, 0.031555877
104, 20, -1, 0.006871023
32, 134, -1, 1.006691162
144, 21, -1, 0.095716799
71, 31, -1, 0.017747793
80, 45, 0, 0.630854966
7, 73, 0, 0.525941006
11, 138, 0, 0.932493567
140, 33, 0, 1.902339282
52, 131, 0, 0.365294993
108, 32, -1, 0.244154483
150, 142, 0, 0.729635466
6, 131, 0, 0.989670191
118, 73, 0, 0.433867055
141, 62, -1, 0.721833684
23, 62, -1, 0.600204064
45, 109, -1, 0.770387676
66, 146, -1, 0.417094926
32, 46, -1, 0.314146434
149, 63, -1, 0.013646098
136, 6, 0, 0.813070772
139, 121, 0, 1.296309225
124, 70, 0, 11.00617964
90, 82, 0, 3.355549782
145, 146, -1, 0.246650159
2, 102, -1, 0.241586647
108, 31, -1, 0.194182432
43, 131, 0, 2.078390021
46, 140, -1, 0.30849459
13, 125, -1, 0.214490518
4, 75, -1, 0.181006854
29, 93, 0, 1.109101272
36, 49, -1, 0.225935657
148, 128, -1, 0.054900349
122, 39, -1, 0.070923703
103, 75, 0, 6.247610227
52, 145, -1, 0.127956203
19, 72, -1, 0.229183123
101, 49, -1, 0.917431721
35, 72, -1, 0.086894669
74, 21, 0, 2.471618932
116, 101, -1, 0.130225476
6, 12, 0, 12.73823825
45, 95, -1, 0.357270416
40, 44, 0, 0.334821619
7, 39, 0, 4.628882601
150, 32, -1, 0.209409398
44, 40, 0, 1.16918064
137, 45, 0, 0.203745346
28, 32, -1, 0.314962003
27, 17, -1, 0.076087379
23, 80, -1, 0.256933625
3, 24, 0, 1.373441256
136, 98, 0, 0.917101015
32, 51, -1, 0.556575312
57, 45, 0, 0.76070629
149, 31, -1, 0.208148551
145, 133, -1, 0.055498376
138, 72, -1, 0.165283188
78, 83, 0, 1.42412729
27, 121, -1, 0.13819991
122, 41, -1, 0.072009668
12, 56, 0, 26.67324847
149, 58, -1, 0.170264213
13, 23, -1, 0.318620247
55, 107, -1, 1.130835115
138, 142, 0, 8.66475509
53, 49, -1, 0.112116839
63, 72, 0, 0.072760051
110, 45, 0, 0.134835485
150, 50, -1, 0.253466412
118, 61, 0, 1.879433151
5, 80, -1, 0.119823961
45, 57, -1, 0.228238635
52, 29, -1, 0.039494713
108, 146, -1, 0.3568375
116, 114, -1, 0.426780928
13, 97, -1, 0.112417745
1, 44, 0, 1.169327422
29, 33, -2, 0.723546568
140, 100, 0, 0.435462961
54, 43, -2, 0.154125425
137, 64, 0, 0.247518959
148, 11, -1, 0.044056683
45, 50, -1, 0.097114334
3, 101, -1, 0.203996256
108, 137, 0, 0.951595506
146, 33, 0, 3.140766825
55, 121, -1, 0.457340802
116, 121, -1, 0.143118899
32, 73, -1, 0.086506681
149, 101, -1, 0.12160112
104, 101, -1, 0.074256183
90, 56, 0, 1.257082677
103, 100, 0, 0.321708085
81, 17, 0, 0.566651979
123, 33, 0, 0.944983149
87, 31, -1, 0.235938733
108, 128, -1, 0.215489384
116, 64, 0, 1.079768
136, 30, 0, 0.416832596
28, 20, -1, 0.102272176
1, 62, -1, 0.490666828
29, 51, 0, 0.129327269
35, 103, -1, 0.09519612
138, 64, -1, 0.090261673
122, 77, -1, 0.062235785
123, 73, 0, 0.187420598
52, 123, -1, 0.057974687
45, 36, -1, 0.030805327
123, 38, 0, 0.575341844
63, 31, 0, 0.388070449
112, 82, -1, 0.451880603
141, 77, -1, 0.177330693
124, 31, 0, 0.665987873
4, 4, 0, 1.238472075
46, 44, -1, 0.01877079
66, 51, -1, 0.183287
34, 40, 0, 3.390681737
128, 45, 0, 0.341889244
19, 123, -1, 0.0173703
148, 32, -1, 0.012829445
122, 51, -1, 0.195094713
39, 31, -1, 0.047884599
80, 84, 0, 1.428423324
100, 31, -1, 0.244804565
137, 19, 0, 1.826421073
145, 83, -1, 0.092217595
36, 73, 0, 1.616825921
4, 146, -1, 0.153454749
19, 128, -1, 0.265855746
82, 138, 0, 2.030158079
102, 73, -1, 0.365320117
123, 52, 0, 0.230266824
13, 45, -1, 0.038136276
38, 63, 0, 1.958267647
4, 123, -1, 0.037781707
117, 73, -1, 0.189646155
82, 29, 0, 0.650974693
28, 97, -1, 0.186813668
122, 132, -1, 0.21127239
90, 109, 0, 1.34459323
39, 20, -1, 0.161277231
149, 121, -1, 0.124032911
51, 49, 0, 0.836696043
145, 84, -1, 0.148589807
1, 17, -1, 0.025128128
2, 32, -1, 0.042916365
137, 101, 0, 0.164186203
52, 80, -1, 0.629514639
20, 121, 0, 0.56245962
31, 123, -1, 0.187915551
149, 17, -1, 0.06339697
8, 101, 0, 0.017491408
63, 10, 0, 0.177775695
50, 45, -1, 0.209362462
68, 45, 0, 3.228561506
1, 26, -1, 0.423447497
46, 65, -1, 0.784033806
104, 72, -1, 0.518621196
128, 131, 0, 0.85488892
19, 33, -1, 0.337604967
27, 33, -1, 0.105925372
52, 95, -1, 0.172850645
19, 142, 0, 0.661422225
25, 123, -1, 0.86719883
32, 3, 0, 1.156602313
13, 95, -1, 0.061949275
144, 146, -1, 0.043366179
149, 26, -1, 0.026297506
23, 138, -1, 0.20811747
136, 33, 0, 0.073897162
63, 51, 0, 0.065412783
48, 131, 0, 0.982683483
144, 33, -1, 0.136126386
39, 10, -1, 0.260901438
27, 137, -1, 0.367340628
46, 72, -1, 0.033784912
55, 138, 0, 1.516383711
2, 50, -1, 0.18973111
118, 101, 0, 0.143832643
87, 64, 0, 1.007507307
3, 49, -1, 0.419802731
138, 109, 0, 2.60642578
146, 110, 0, 1.819607256
149, 35, 0, 0.641562858
132, 45, -1, 0.116894407
23, 131, -1, 0.434580831
99, 82, -1, 0.816639117
28, 78, 0, 0.501309162
122, 145, -1, 0.021872618
100, 51, -1, 0.19036469
46, 83, -1, 0.2481622
128, 145, 0, 1.19540688
55, 131, 0, 1.142991658
148, 92, 0, 0.287492843
133, 91, 0, 2.774777755
52, 45, -1, 0.228016523
23, 43, -1, 0.073244072
13, 81, -1, 0.452233451
144, 128, -1, 0.202023679
38, 91, 0, 0.454916244
46, 63, -1, 0.011260163
149, 44, -1, 0.147863078
32, 128, -1, 0.095709892
124, 49, 0, 0.180595022
144, 31, -1, 0.238840986
53, 123, 0, 0.921154783
54, 123, 0, 0.015370862
39, 56, -1, 0.330761401
133, 51, 0, 1.175831685
26, 31, -1, 0.202536987
46, 90, 0, 1.46130343
112, 45, -1, 0.394865883
138, 17, -1, 0.114653828
122, 122, -1, 0.507827003
23, 32, -1, 0.08038677
46, 131, 0, 0.066641477
89, 41, 0, 0.750139776
23, 145, -1, 0.046253508
8, 1, 0, 0.251759826
45, 132, -1, 0.403313771
104, 21, 0, 1.009410803
90, 72, -1, 0.191847771
93, 45, -2, 0.420435924
39, 49, -1, 0.11686321
7, 72, 0, 0.233515957
126, 143, 0, 20.39022546
55, 145, -1, 0.771502559
2, 31, -1, 0.077350341
108, 121, -1, 0.063146958
6, 128, 0, 2.119128237
52, 51, -1, 0.053506118
50, 121, 0, 1.198358081
145, 145, -1, 0.282207586
48, 62, -1, 0.745416559
122, 29, -1, 0.029664187
53, 33, 0, 0.578509374
128, 17, 0, 0.29006998
35, 66, 0, 0.195390779
55, 31, -1, 0.038888873
3, 45, -1, 0.139961226
45, 101, -1, 0.216180195
84, 64, -1, 0.62216596
50, 112, 0, 2.109996595
22, 138, -1, 0.495755418
28, 82, -1, 0.413659638
2, 126, 0, 1.006612374
148, 129, 0, 1.826567277
150, 46, 0, 1.200826532
83, 121, -1, 0.465029175
19, 75, -1, 0.512626989
2, 17, -1, 0.035555174
148, 112, -1, 0.213547172
27, 27, 0, 0.927493735
138, 10, -1, 0.323071063
108, 45, -1, 0.589862987
102, 17, -1, 0.175024371
112, 40, -1, 0.039512288
40, 45, 0, 0.315127598
21, 21, 0, 4.710709322
4, 51, -1, 0.191062194
9, 136, 0, 4.685861355
29, 85, 0, 0.792745149
140, 120, 0, 1.720336336
104, 26, -1, 0.30912943
144, 123, -1, 0.043678954
145, 131, -1, 0.515676232
2, 121, -1, 0.710379845
150, 33, -1, 0.021956886
33, 131, 0, 0.488458908
17, 73, -2, 0.603705828
112, 73, -1, 0.0342417
149, 59, -1, 0.320469289
29, 101, 0, 0.021240601
101, 57, 0, 8.221025654
13, 29, -1, 0.055046501
126, 51, 0, 0.137803009
116, 109, -1, 0.524911385
28, 49, -1, 0.242007356
53, 55, 0, 2.138265724
149, 73, -1, 0.004234416
150, 73, -1, 0.191441846
68, 31, -1, 0.759904863
16, 45, 0, 0.929142333
147, 31, -1, 0.108877124
46, 121, -1, 0.265865684
104, 128, -1, 0.106753886
13, 133, -1, 0.025708136
112, 64, 0, 1.340702055
81, 45, 0, 2.473023904
29, 59, 0, 0.290842694
45, 80, -1, 0.016142038
28, 8, 0, 1.524226129
138, 143, 0, 0.902547733
149, 82, -1, 0.150448066
99, 101, 0, 0.02812741
63, 75, 0, 0.25283841
46, 17, -1, 0.062774881
54, 45, -2, 0.127709396
150, 51, -1, 0.048302653
122, 49, -1, 0.420121377
25, 46, 0, 4.135132978
35, 145, -1, 0.058008224
108, 62, -1, 0.740580768
31, 101, -1, 0.462868685
25, 52, 0, 1.967935518
99, 29, 0, 1.351906933
45, 73, -1, 0.003350553
50, 20, -1, 0.037448178
1, 35, 0, 0.866900844
39, 122, -1, 0.770202669
149, 91, -1, 0.24092479
29, 32, -2, 0.086258507
72, 72, 0, 0.269266124
143, 40, 0, 3.631131517
2, 66, 0, 1.139000612
145, 7, -1, 0.371764256
148, 20, -1, 0.187985536
45, 49, -1, 0.160782324
30, 51, 0, 0.488160444
70, 59, 0, 5.490812519
126, 36, 0, 2.789725134
149, 100, -1, 0.018938736
48, 121, -1, 0.144666937
143, 49, 0, 0.073528715
137, 72, 0, 0.366373675
123, 32, 0, 0.238701315
27, 62, -1, 0.391840251
136, 31, -1, 0.498945236
63, 17, 0, 0.216215862
28, 21, -1, 0.036970077
140, 132, 0, 2.853848154
90, 145, 0, 0.863610793
74, 128, 0, 6.885675408
95, 95, 0, 4.997021123
26, 47, -1, 0.243163507
48, 112, 0, 0.932922877
33, 55, 0, 0.801669371
112, 29, -1, 0.052611284
123, 72, 0, 0.368417919
148, 26, -1, 0.111283252
80, 133, 0, 0.145805863
6, 72, 0, 2.286634062
123, 57, 0, 0.675179632
146, 16, 0, 1.087710234
55, 78, 0, 1.081302196
39, 144, 0, 1.373656691
149, 5, -1, 0.021843936
116, 72, -1, 0.026962138
48, 101, -1, 0.462260053
82, 40, 0, 1.676218327
102, 47, 0, 1.195402459
150, 108, 0, 1.337171357
124, 143, 0, 1.86174919
23, 133, -1, 0.347439367
66, 48, 0, 4.026159
148, 33, -1, 0.199760175
13, 51, -1, 0.12609982
87, 44, 0, 1.069629623
39, 137, 0, 1.316727617
50, 56, -1, 0.695944156
53, 29, 0, 2.991217109
129, 114, 0, 3.204801391
150, 103, -1, 0.494340226
26, 49, -1, 0.467815009
2, 38, -1, 0.07541535
22, 45, 0, 1.401222712
27, 82, -1, 0.208342871
19, 131, 0, 0.32949972
45, 21, -1, 0.163177862
107, 145, 0, 4.023267864
132, 49, -1, 0.174910283
104, 51, -1, 0.028257644
32, 101, -1, 0.043017156
71, 60, -1, 0.893850329
150, 126, -1, 0.130235571
28, 145, -1, 0.123996096
2, 33, -1, 0.22627789
27, 43, -1, 0.554677542
138, 122, -1, 0.112404194
123, 95, 0, 0.394708435
141, 31, -1, 0.557285851
112, 145, -1, 0.011755288
59, 33, 0, 0.149947048
23, 31, -1, 0.076501858
84, 31, -1, 0.12644613
3, 83, 0, 1.215600012
149, 16, -1, 0.22819428
8, 102, 0, 0.251049592
134, 145, -1, 0.140223875
122, 140, 0, 1.263421749
2, 137, -1, 0.156050967
8, 126, 0, 0.159527007
43, 73, -1, 0.096373462
136, 51, 0, 1.040418291
104, 73, -1, 0.059731108
17, 121, 0, 0.162607099
19, 32, -1, 0.131422031
4, 64, -1, 0.533360599
97, 126, 0, 6.40560362
98, 100, 0, 0.429125743
138, 101, -1, 0.111564737
123, 84, 0, 0.355273035
19, 145, -1, 0.020623236
148, 62, -1, 0.347240402
6, 52, 0, 1.829747553
82, 125, 0, 1.686864564
29, 128, 0, 0.332209204
35, 49, -1, 0.116772168
144, 51, -1, 0.09982086
55, 82, -1, 0.730019424
96, 33, -2, 0.155072745
43, 49, -1, 0.371396872
29, 126, 0, 0.882174682
54, 110, 0, 0.676164532
149, 138, -1, 0.033638748
46, 73, -1, 0.265548157
36, 103, -1, 0.196468716
2, 51, -1, 0.147780115
122, 105, -1, 0.25329566
141, 17, -1, 0.352210416
55, 58, 0, 2.784510182
23, 45, -1, 0.197944541
84, 45, -1, 0.636169186
13, 87, -1, 0.17022191
38, 33, 0, 0.731779521
134, 131, -1, 0.076376324
45, 145, -1, 0.471029775
72, 49, 0, 0.303465944
71, 43, -1, 1.070496847
39, 2, 0, 0.06634077
46, 80, -1, 0.079958598
128, 146, 0, 0.109884477
93, 75, -2, 0.520015074
106, 126, 0, 2.749956347
118, 125, 0, 1.791391979
54, 131, 0, 0.480431297
55, 51, -1, 0.124743006
45, 121, 0, 0.877647745
13, 80, -1, 0.014383572
149, 43, -1, 0.013811809
139, 77, 0, 4.18633667
71, 32, -1, 0.034966987
46, 91, -1, 0.052315942
123, 138, 0, 0.076353506
108, 43, -1, 0.111230171
2, 5, -1, 0.141355628
148, 100, -1, 0.022440073
100, 138, 0, 2.900678666
137, 128, 0, 0.219914116
122, 123, -1, 0.130633078
123, 123, 0, 0.13881827
3, 62, -1, 0.281157068
59, 77, -1, 0.747925245
136, 72, -1, 0.016952339
45, 131, -1, 0.364631536
90, 73, 0, 0.656241238
1, 101, -1, 0.219081913
26, 103, 0, 1.439157029
123, 131, 0, 0.153660969
118, 79, 0, 4.154302178
138, 25, -1, 0.013657998
123, 22, 0, 0.365084495
128, 31, -1, 0.103493949
144, 126, -1, 0.021748772
40, 145, 0, 0.077026667
136, 79, 0, 5.1328507
35, 45, -1, 0.136260465
11, 52, 0, 1.152832709
125, 121, 0, 1.551430679
150, 20, -1, 0.190857743
7, 64, 0, 0.566772463
46, 101, -1, 0.071671368
150, 135, -1, 0.086142213
134, 77, -1, 0.685763045
55, 30, -1, 0.273670664
3, 44, -1, 0.226036399
23, 49, -1, 0.20004015
28, 60, -1, 1.117826979
31, 17, -1, 0.135137771
38, 77, 0, 1.813696581
8, 48, 0, 0.087728077
28, 83, 0, 0.133782902
11, 45, 0, 0.061116212
72, 45, -2, 0.13520635
93, 62, -2, 0.527862853
133, 45, 0, 1.087873481
122, 37, -1, 0.138512066
123, 145, 0, 0.471429666
9, 68, 0, 15.3136914
35, 74, 0, 1.219609134
91, 121, 0, 2.778750358
23, 78, 0, 0.162066928
84, 72, -1, 0.530478564
139, 24, 0, 1.122150216
31, 30, -1, 0.811507364
53, 45, -1, 0.647599591
7, 33, 0, 0.407168966
33, 17, 0, 0.158020359
1, 72, -1, 0.138687399
78, 78, 0, 6.047996062
137, 83, 0, 0.09216572
48, 45, -1, 0.615704063
122, 44, -1, 0.129649764
17, 72, 0, 0.619477766
145, 19, -1, 0.865064633
76, 32, 0, 7.183533451
150, 145, -1, 0.043815076
45, 30, -1, 0.02295133
13, 28, 0, 0.050572614
96, 99, 0, 0.870133268
23, 71, -1, 0.772182974
138, 133, -1, 0.370277379
13, 109, -1, 0.111485873
149, 72, -1, 0.110297199
150, 78, 0, 3.070458923
29, 45, -2, 0.26231604
90, 45, 0, 0.743823312
145, 123, -1, 0.076675649
59, 128, 0, 0.166901077
93, 31, 0, 0.05536287
44, 33, 0, 0.906427825
46, 126, -1, 0.394575879
71, 146, -1, 0.201896579
58, 133, 0, 1.4281066
41, 75, 0, 4.424258532
13, 21, -1, 0.078183237
91, 119, 0, 4.723960669
106, 79, 0, 5.660702603
90, 133, -1, 0.621325346
8, 37, 0, 0.116830897
118, 128, 0, 1.181599983
104, 121, -1, 0.080442343
2, 72, -1, 0.160864325
61, 32, 0, 0.222488508
45, 55, -1, 0.121441676
52, 31, -1, 0.118432513
45, 72, -1, 0.136201135
50, 21, -1, 0.251247368
110, 75, 0, 1.389757642
93, 145, -2, 0.309157965
8, 44, 0, 0.307071096
100, 101, 0, 0.137567477
46, 25, -1, 0.003988257
29, 63, -2, 0.155302261
1, 83, -1, 0.138903053
115, 45, -1, 0.318666545
9, 51, 0, 1.287886788
136, 138, -1, 0.65718629
23, 21, -1, 0.147905499
146, 31, 0, 0.053046194
28, 31, -1, 0.03786197
143, 131, 0, 0.549825517
114, 49, -1, 0.941138684
115, 133, 0, 1.288902252
83, 29, 0, 0.928448218
52, 126, -1, 0.314760795
80, 143, 0, 3.34399525
63, 131, 0, 0.452459844
87, 25, -1, 0.079048954
1, 131, 0, 0.247144231
40, 98, 0, 15.75046872
28, 22, -1, 0.685527868
14, 33, 0, 0.528186587
71, 80, -1, 0.03137182
4, 31, -1, 0.244095643
46, 43, -1, 0.177791628
29, 49, 0, 0.112399486
69, 138, 0, 2.496849407
43, 62, -1, 0.178886856
144, 95, -1, 0.20730193
36, 25, 0, 1.664578646
17, 45, 0, 1.00410141
112, 109, -1, 0.039464377
143, 140, 0, 2.009395785
123, 56, 0, 0.059652416
135, 2, 0, 1.205321382
72, 128, 0, 0.222378698
35, 20, -1, 0.466491432
8, 114, 0, 1.222307381
136, 7, -1, 0.318812121
28, 109, -1, 0.240158463
29, 146, 0, 0.04074952
50, 62, -1, 0.815764145
71, 73, -1, 0.117211536
43, 101, -1, 0.035942706
11, 44, 0, 0.431822368
46, 50, -1, 0.015753682
50, 145, -1, 0.212344704
93, 109, 0, 1.25639629
118, 31, 0, 0.290933898
137, 121, 0, 0.141775876
66, 49, -1, 0.511321685
114, 73, -1, 1.07296438
148, 34, -1, 0.100602951
116, 33, -1, 0.266403608
82, 145, 0, 0.997382367
45, 27, -1, 0.089256178
102, 84, 0, 6.322667677
123, 49, 0, 0.219191836
96, 29, 0, 5.712916551
4, 126, 0, 0.969693433
23, 121, -1, 0.022680931
8, 121, 0, 0.035528603
82, 32, 0, 3.954344193
144, 62, -1, 0.734358572
149, 126, -1, 0.244852878
26, 62, -1, 0.713820747
137, 17, 0, 1.383177065
46, 53, -1, 0.791669475
72, 101, 0, 0.682151298
148, 41, -1, 0.038692768
48, 55, 0, 0.916109679
45, 20, -1, 0.067063553
35, 2, 0, 1.54674535
4, 101, -1, 0.354408198
132, 50, -1, 0.134727598
46, 26, -1, 0.086798199
50, 131, 0, 0.133920573
69, 101, 0, 0.671347297
2, 62, -1, 0.343321106
138, 123, -1, 0.006227799
70, 31, -1, 0.144500881
55, 84, -1, 0.160270928
95, 45, 0, 1.688153535
50, 43, -1, 0.198213694
144, 44, -1, 0.064405967
149, 128, -1, 0.035677348
43, 72, -1, 0.25990646
29, 21, 0, 0.496676237
140, 56, 0, 0.863258882
2, 57, 0, 1.866587806
148, 72, -1, 0.193769916
149, 122, -1, 0.086185564
122, 111, -1, 0.478628054
116, 62, 0, 1.420254961
149, 24, -1, 0.043194467
48, 133, -1, 0.333525287
33, 122, 0, 1.487230328
71, 45, -1, 0.164624187
146, 132, 0, 4.472608627
39, 4, -1, 0.074453301
149, 137, -1, 0.038583732
47, 68, 0, 4.52745526
112, 49, -1, 0.048806424
22, 55, 0, 6.810632418
66, 21, -1, 0.730344244
52, 32, -1, 0.452434025
3, 51, -1, 0.143315582
25, 66, -1, 0.26714508
136, 91, -1, 0.192942652
149, 33, -1, 0.17702106
8, 21, 0, 0.561665345
28, 72, -1, 0.051170598
144, 26, -1, 0.037227536
149, 146, -1, 0.022975379
27, 128, -1, 0.247032787
140, 46, 0, 2.996167143
126, 131, 0, 5.174419912
19, 49, -1, 0.088796293
27, 49, -1, 0.215917434
138, 20, -1, 0.049551516
54, 128, 0, 0.07917201
112, 135, -1, 0.023111372
6, 39, 0, 1.10470319
136, 66, 0, 0.663450701
65, 93, 0, 47.00833909
29, 79, -2, 0.34732967
124, 51, 0, 0.369917755
144, 17, -1, 0.044673885
26, 29, 0, 0.770699701
148, 101, -1, 0.045443419
134, 80, -1, 0.081992594
119, 121, 0, 0.249882934
138, 31, -1, 0.258568178
29, 145, -2, 0.200784119
91, 21, 0, 4.097202475
132, 142, -1, 0.956648847
45, 113, -1, 0.431905703
13, 72, -1, 0.035348676
70, 123, -1, 0.524298394
35, 39, -1, 0.313493799
91, 130, 0, 4.636115549
149, 51, -1, 0.061298571
29, 72, 0, 0.205752018
54, 112, 0, 2.222849102
39, 51, -1, 0.279269823
80, 32, 0, 0.945633843
28, 38, -1, 0.152932818
32, 33, -1, 0.386944003
31, 43, -1, 0.588828467
40, 33, 0, 1.183735963
104, 30, -1, 0.187531133
144, 77, -1, 0.039361668
54, 75, -2, 0.040501803
1, 125, -1, 0.194899916
2, 101, -1, 0.569736366
145, 32, -1, 0.015821472
147, 123, -1, 0.644544293
122, 142, -1, 0.17659938
27, 4, -1, 0.133123096
20, 45, 0, 1.065113766
71, 121, -1, 0.052617867
8, 49, 0, 0.122556003
7, 43, 0, 5.489641963
96, 138, -2, 0.198908861
144, 6, -1, 0.075644563
110, 31, -1, 0.026303843
57, 145, 0, 1.3879056
148, 131, -1, 0.751876269
39, 33, -1, 0.126947386
46, 109, -1, 0.036242833
13, 145, -1, 0.049197619
108, 17, -1, 0.03744053
73, 49, 0, 3.386541086
141, 45, -1, 0.095821863
40, 128, 0, 0.343715784
132, 123, -1, 0.100159237
23, 73, -1, 0.134730748
136, 126, -1, 0.311690888
148, 138, -1, 0.132859262
122, 45, -1, 0.647368566
13, 138, -1, 0.143359859
148, 121, -1, 0.041024362
138, 51, -1, 0.11547798
13, 27, -1, 0.302224927
126, 49, 0, 0.086497542
70, 2, 0, 15.44368266
146, 51, 0, 2.913262307
20, 51, 0, 0.118547894
8, 80, 0, 0.063548581
64, 29, 0, 2.052414667